tempo 2343
note 2176 2304 52 64 64
note 2304 2432 52 69 64
note 2432 2560 52 71 64
note 2560 2752 52 73 64
note 2752 2816 52 74 64
note 2816 3072 52 73 64
note 3200 3328 52 69 64
note 3328 3456 52 69 64
note 3456 3584 52 64 64
note 3584 3712 52 71 64
note 3712 3840 52 69 64
note 3840 3968 52 68 64
note 3968 4096 52 69 64
note 4288 4352 52 64 64
note 4352 4480 52 69 64
note 4480 4608 52 71 64
note 4608 4736 52 73 64
note 4736 4864 52 74 64
note 4864 4992 52 73 64
note 4992 5120 52 71 64
note 5120 5376 52 69 64
note 5376 5504 52 71 64
note 5504 5888 52 68 64
note 6272 6400 52 64 64
note 6400 6528 52 69 64
note 6528 6656 52 71 64
note 6656 6848 52 73 64
note 6848 6912 52 74 64
note 6912 7168 52 73 64
note 7296 7424 52 69 64
note 7424 7552 52 69 64
note 7552 7680 52 64 64
note 7680 7808 52 71 64
note 7808 7936 52 69 64
note 7936 8064 52 68 64
note 8064 8192 52 69 64
note 8320 8448 52 64 64
note 8448 8576 52 69 64
note 8576 8704 52 71 64
note 8704 8832 52 73 64
note 8832 8960 52 74 64
note 8960 9088 52 73 64
note 9088 9216 52 71 64
note 9216 9472 52 69 64
note 9472 9728 52 78 64
note 9728 9856 52 77 64
note 9856 9984 52 73 64
note 9984 10112 52 71 64
note 10112 10496 52 70 64
note 10752 10880 52 70 64
note 10880 11008 52 71 64
note 11008 11136 52 73 64
note 11136 11392 52 73 64
note 11392 11648 52 82 64
note 11648 11904 52 80 64
note 11904 12544 52 78 64
note 12800 12928 52 71 64
note 12928 13056 52 70 64
note 13056 13184 52 66 64
note 13184 13440 52 71 64
note 13440 13568 52 70 64
note 13568 14336 52 66 64
note 14848 14976 52 70 64
note 14976 15104 52 71 64
note 15104 15232 52 73 64
note 15232 15488 52 73 64
note 15488 15744 52 82 64
note 15744 16000 52 80 64
note 16000 16256 52 78 64
note 16256 16512 52 78 64
note 16512 16640 52 78 64
note 16640 16768 52 78 64
note 16768 16896 52 76 64
note 16896 17152 52 76 64
note 17152 17280 52 74 64
note 17280 17536 52 73 64
note 17536 17600 52 71 64
note 17600 17920 52 69 64
note 19584 19712 52 64 64
note 19712 19840 52 69 64
note 19840 19968 52 71 64
note 19968 20096 52 73 64
note 20096 20224 52 74 64
note 20224 20480 52 73 64
note 20672 20736 52 69 64
note 20736 20864 52 69 64
note 20864 20992 52 64 64
note 20992 21120 52 71 64
note 21120 21248 52 69 64
note 21248 21376 52 68 64
note 21376 21504 52 69 64
note 21632 21760 52 64 64
note 21760 21888 52 69 64
note 21888 22016 52 71 64
note 22016 22144 52 73 64
note 22144 22272 52 74 64
note 22272 22400 52 73 64
note 22400 22528 52 71 64
note 22528 22784 52 69 64
note 22784 22912 52 71 64
note 22912 23296 52 68 64
note 23680 23808 52 64 64
note 23808 23936 52 69 64
note 23936 24064 52 71 64
note 24064 24256 52 73 64
note 24256 24320 52 74 64
note 24320 24576 52 73 64
note 24704 24832 52 69 64
note 24832 24960 52 69 64
note 24960 25088 52 64 64
note 25088 25280 52 71 64
note 25280 25344 52 69 64
note 25344 25472 52 68 64
note 25472 25600 52 69 64
note 25728 25856 52 64 64
note 25856 25984 52 69 64
note 25984 26112 52 71 64
note 26112 26304 52 73 64
note 26304 26368 52 74 64
note 26368 26496 52 73 64
note 26496 26624 52 71 64
note 26624 26880 52 69 64
note 26880 27136 52 78 64
note 27136 27264 52 77 64
note 27264 27392 52 73 64
note 27392 27520 52 71 64
note 27520 27904 52 70 64
note 28160 28288 52 70 64
note 28288 28416 52 71 64
note 28416 28544 52 73 64
note 28544 28800 52 73 64
note 28800 29056 52 82 64
note 29056 29312 52 80 64
note 29312 29952 52 78 64
note 30208 30336 52 71 64
note 30208 30336 52 75 64
note 30336 30464 52 70 64
note 30336 30464 52 73 64
note 30464 30592 52 66 64
note 30464 30592 52 70 64
note 30592 30720 52 71 64
note 30592 30720 52 75 64
note 30720 30848 52 70 64
note 30720 30848 52 73 64
note 30848 31744 52 66 64
note 30848 31744 52 70 64
note 32256 32384 52 70 64
note 32384 32512 52 71 64
note 32512 32640 52 73 64
note 32640 32896 52 73 64
note 32896 33152 52 82 64
note 33152 33408 52 80 64
note 33408 33664 52 78 64
note 33664 33920 52 78 64
note 33920 34048 52 78 64
note 34048 34176 52 78 64
note 34176 34304 52 76 64
note 34304 34560 52 76 64
note 34560 34688 52 74 64
note 34688 34944 52 73 64
note 34944 35008 52 71 64
note 35008 35328 52 69 64
note 36992 37120 52 64 64
note 37120 37248 52 69 64
note 37248 37376 52 71 64
note 37376 37504 52 73 64
note 37504 37632 52 74 64
note 37632 37888 52 73 64
note 37888 38016 52 69 64
note 38144 38272 52 69 64
note 38272 38400 52 64 64
note 38400 38528 52 71 64
note 38528 38656 52 69 64
note 38656 38784 52 68 64
note 38784 38912 52 69 64
note 39040 39168 52 64 64
note 39168 39296 52 69 64
note 39296 39424 52 71 64
note 39424 39552 52 73 64
note 39552 39680 52 74 64
note 39680 39808 52 73 64
note 39808 39936 52 71 64
note 39936 40192 52 69 64
note 40192 40320 52 71 64
note 40320 40704 52 68 64
note 41088 41216 52 64 64
note 41216 41344 52 69 64
note 41344 41472 52 71 64
note 41472 41664 52 73 64
note 41664 41728 52 74 64
note 41728 41984 52 73 64
note 42112 42240 52 69 64
note 42240 42368 52 69 64
note 42368 42496 52 64 64
note 42496 42688 52 71 64
note 42688 42752 52 69 64
note 42752 42880 52 68 64
note 42880 43008 52 69 64
note 43136 43264 52 64 64
note 43264 43392 52 69 64
note 43392 43520 52 71 64
note 43520 43648 52 73 64
note 43648 43776 52 74 64
note 43776 43904 52 73 64
note 43904 44032 52 71 64
note 44032 44288 52 69 64
note 44288 44544 52 78 64
note 44544 44672 52 77 64
note 44672 44800 52 73 64
note 44800 44928 52 71 64
note 44928 45312 52 70 64
note 45568 45696 52 70 64
note 45696 45824 52 71 64
note 45824 45952 52 73 64
note 45952 46208 52 73 64
note 46208 46464 52 82 64
note 46464 46720 52 80 64
note 46720 47360 52 78 64
note 47616 47744 52 71 64
note 47744 47872 52 70 64
note 47872 48000 52 66 64
note 48000 48128 52 71 64
note 48128 48256 52 70 64
note 48256 49152 52 66 64
note 49664 49792 52 70 64
note 49792 49920 52 71 64
note 49920 50048 52 73 64
note 50048 50304 52 73 64
note 50304 50560 52 82 64
note 50560 50816 52 80 64
note 50816 51072 52 78 64
note 51072 51328 52 78 64
note 51328 51456 52 78 64
note 51456 51584 52 78 64
note 51584 51712 52 76 64
note 51712 51968 52 76 64
note 51968 52096 52 74 64
note 52096 52352 52 73 64
note 52352 52416 52 71 64
note 52416 52736 52 69 64
note 53120 53376 52 78 64
note 53376 53504 52 78 64
note 53504 53632 52 78 64
note 53632 53760 52 76 64
note 53760 54016 52 76 64
note 54016 54144 52 74 64
note 54144 54400 52 73 64
note 54400 54464 52 71 64
note 54464 54784 52 69 64
note 55168 55424 52 78 64
note 55424 55552 52 78 64
note 55552 55680 52 78 64
note 55680 55808 52 76 64
note 55808 56064 52 76 64
note 56064 56192 52 74 64
note 56192 56832 52 73 64
note 0 128 0 45 64
note 128 256 0 52 64
note 256 384 0 45 64
note 384 512 0 52 64
note 512 640 0 45 64
note 640 768 0 51 64
note 1024 1152 0 45 64
note 1152 1280 0 50 64
note 1280 1408 0 45 64
note 1408 1536 0 50 64
note 1536 1664 0 45 64
note 1664 1792 0 53 64
note 2048 2176 0 57 64
note 2048 2176 0 45 64
note 2176 2304 0 64 64
note 2176 2304 0 52 64
note 2304 2432 0 57 64
note 2304 2432 0 45 64
note 2432 2560 0 64 64
note 2432 2560 0 52 64
note 2560 2688 0 57 64
note 2560 2688 0 45 64
note 2688 2816 0 63 64
note 2688 2816 0 51 64
note 3072 3200 0 57 64
note 3072 3200 0 45 64
note 3200 3328 0 62 64
note 3200 3328 0 50 64
note 3328 3456 0 57 64
note 3328 3456 0 45 64
note 3456 3584 0 62 64
note 3456 3584 0 50 64
note 3584 3712 0 57 64
note 3584 3712 0 45 64
note 3712 3840 0 65 64
note 3712 3840 0 53 64
note 4096 4224 0 57 64
note 4096 4224 0 45 64
note 4224 4352 0 64 64
note 4224 4352 0 52 64
note 4352 4480 0 57 64
note 4352 4480 0 45 64
note 4480 4608 0 64 64
note 4480 4608 0 52 64
note 4608 4736 0 57 64
note 4608 4736 0 45 64
note 4736 4864 0 63 64
note 4736 4864 0 51 64
note 5120 5248 0 57 64
note 5248 5376 0 62 64
note 5120 5376 0 45 64
note 5120 5376 0 57 64
note 5376 5504 0 57 64
note 5504 5632 0 62 64
note 5376 5632 0 45 64
note 5376 5632 0 57 64
note 5632 5696 0 40 64
note 5632 5696 0 52 64
note 5696 5760 0 40 64
note 5696 5760 0 52 64
note 5760 5824 0 40 64
note 5760 5824 0 52 64
note 5632 5888 0 57 64
note 5824 5888 0 40 64
note 5824 5888 0 52 64
note 5888 5952 0 40 64
note 5888 5952 0 52 64
note 5952 6016 0 42 64
note 5952 6016 0 54 64
note 6016 6144 0 47 64
note 6016 6144 0 59 64
note 6144 6272 0 57 64
note 6272 6400 0 64 64
note 6144 6400 0 45 64
note 6144 6400 0 57 64
note 6400 6528 0 57 64
note 6528 6656 0 64 64
note 6400 6656 0 45 64
note 6400 6656 0 57 64
note 6656 6784 0 57 64
note 6784 6912 0 63 64
note 6656 6912 0 45 64
note 6656 6912 0 57 64
note 7168 7296 0 57 64
note 7296 7424 0 62 64
note 7168 7424 0 45 64
note 7168 7424 0 57 64
note 7424 7552 0 57 64
note 7552 7680 0 62 64
note 7424 7680 0 45 64
note 7424 7680 0 57 64
note 7850 7935 0 69 64
note 7680 7936 0 45 64
note 7680 7936 0 57 64
note 8021 8106 0 65 64
note 8192 8320 0 57 64
note 8320 8448 0 64 64
note 8192 8448 0 45 64
note 8192 8448 0 57 64
note 8448 8576 0 57 64
note 8576 8704 0 64 64
note 8448 8704 0 45 64
note 8448 8704 0 57 64
note 8704 8832 0 57 64
note 8832 8960 0 63 64
note 8704 8960 0 45 64
note 8704 8960 0 57 64
note 9216 9472 0 57 64
note 9216 9472 0 62 64
note 9216 9472 0 38 64
note 9216 9472 0 50 64
note 9472 9728 0 57 64
note 9472 9728 0 62 64
note 9472 9728 0 38 64
note 9472 9728 0 50 64
note 9728 9856 0 37 64
note 9728 9984 0 56 64
note 9728 9984 0 65 64
note 9856 9984 0 44 64
note 9984 10112 0 49 64
note 9984 10240 0 56 64
note 9984 10240 0 65 64
note 10112 10240 0 44 64
note 10240 10368 0 42 64
note 10240 10496 0 58 64
note 10240 10496 0 61 64
note 10240 10496 0 66 64
note 10368 10496 0 42 64
note 10624 10688 0 42 64
note 10496 10752 0 58 64
note 10496 10752 0 61 64
note 10496 10752 0 66 64
note 10688 10752 0 42 64
note 10752 10880 0 44 64
note 10752 11008 0 59 64
note 10752 11008 0 61 64
note 10752 11008 0 66 64
note 10880 11008 0 44 64
note 11136 11200 0 44 64
note 11008 11264 0 59 64
note 11008 11264 0 61 64
note 11008 11264 0 66 64
note 11200 11264 0 44 64
note 11264 11392 0 46 64
note 11264 11520 0 58 64
note 11264 11520 0 61 64
note 11264 11520 0 66 64
note 11392 11520 0 46 64
note 11648 11712 0 46 64
note 11520 11776 0 58 64
note 11520 11776 0 61 64
note 11520 11776 0 66 64
note 11712 11776 0 46 64
note 11776 11904 0 47 64
note 11776 12032 0 59 64
note 11776 12032 0 63 64
note 11776 12032 0 66 64
note 11904 12032 0 47 64
note 12032 12096 0 47 64
note 12096 12160 0 49 64
note 12160 12224 0 51 64
note 12032 12288 0 59 64
note 12032 12288 0 63 64
note 12032 12288 0 66 64
note 12224 12288 0 54 64
note 12288 12416 0 42 64
note 12288 12544 0 58 64
note 12288 12544 0 61 64
note 12288 12544 0 66 64
note 12416 12544 0 42 64
note 12672 12736 0 42 64
note 12544 12800 0 58 64
note 12544 12800 0 61 64
note 12544 12800 0 66 64
note 12736 12800 0 42 64
note 12800 12928 0 44 64
note 12800 13056 0 59 64
note 12800 13056 0 61 64
note 12800 13056 0 66 64
note 12928 13056 0 44 64
note 13184 13248 0 44 64
note 13056 13312 0 59 64
note 13056 13312 0 61 64
note 13056 13312 0 66 64
note 13248 13312 0 44 64
note 13312 13440 0 46 64
note 13312 13568 0 58 64
note 13312 13568 0 61 64
note 13312 13568 0 66 64
note 13440 13568 0 46 64
note 13696 13760 0 46 64
note 13568 13824 0 58 64
note 13568 13824 0 61 64
note 13568 13824 0 66 64
note 13760 13824 0 46 64
note 13824 13952 0 47 64
note 13824 14080 0 59 64
note 13824 14080 0 63 64
note 13824 14080 0 66 64
note 13952 14080 0 47 64
note 14080 14144 0 47 64
note 14144 14208 0 49 64
note 14208 14272 0 51 64
note 14080 14336 0 59 64
note 14080 14336 0 63 64
note 14080 14336 0 66 64
note 14272 14336 0 54 64
note 14336 14464 0 42 64
note 14336 14592 0 58 64
note 14336 14592 0 61 64
note 14336 14592 0 66 64
note 14464 14592 0 42 64
note 14720 14784 0 42 64
note 14592 14848 0 58 64
note 14592 14848 0 61 64
note 14592 14848 0 66 64
note 14784 14848 0 42 64
note 14848 14976 0 44 64
note 14848 15104 0 59 64
note 14848 15104 0 61 64
note 14848 15104 0 66 64
note 14976 15104 0 44 64
note 15232 15296 0 44 64
note 15104 15360 0 59 64
note 15104 15360 0 61 64
note 15104 15360 0 66 64
note 15296 15360 0 44 64
note 15360 15488 0 46 64
note 15360 15616 0 58 64
note 15360 15616 0 61 64
note 15360 15616 0 66 64
note 15488 15616 0 46 64
note 15744 15808 0 46 64
note 15616 15872 0 58 64
note 15616 15872 0 61 64
note 15616 15872 0 66 64
note 15808 15872 0 46 64
note 15872 16000 0 47 64
note 15872 16128 0 59 64
note 15872 16128 0 63 64
note 15872 16128 0 66 64
note 16000 16128 0 47 64
note 16128 16256 0 47 64
note 16128 16384 0 59 64
note 16128 16384 0 63 64
note 16128 16384 0 66 64
note 16256 16384 0 47 64
note 16384 16512 0 47 64
note 16512 16640 0 47 64
note 16640 16768 0 47 64
note 16384 16896 0 59 64
note 16384 16896 0 62 64
note 16384 16896 0 66 64
note 16768 16896 0 47 64
note 16896 17024 0 40 64
note 16896 17152 0 59 64
note 16896 17152 0 64 64
note 17024 17152 0 40 64
note 17152 17280 0 40 64
note 17152 17408 0 59 64
note 17152 17408 0 62 64
note 17280 17408 0 40 64
note 17408 17536 0 45 64
note 17536 17664 0 52 64
note 17664 17792 0 45 64
note 17792 17920 0 52 64
note 17920 17984 0 69 64
note 17984 18048 0 81 64
note 17920 18048 0 45 64
note 18048 18112 0 69 64
note 18112 18176 0 81 64
note 17408 18176 0 33 64
note 18048 18176 0 51 64
note 18176 18240 0 69 64
note 18240 18304 0 81 64
note 18304 18368 0 69 64
note 18368 18432 0 81 64
note 18432 18496 0 69 64
note 18496 18560 0 81 64
note 18432 18560 0 45 64
note 18560 18624 0 69 64
note 18624 18688 0 81 64
note 18560 18688 0 50 64
note 18688 18752 0 69 64
note 18752 18816 0 81 64
note 18688 18816 0 45 64
note 18816 18880 0 69 64
note 18880 18944 0 81 64
note 18816 18944 0 50 64
note 18944 19008 0 69 64
note 19008 19072 0 81 64
note 18944 19072 0 45 64
note 19072 19136 0 69 64
note 19136 19200 0 81 64
note 19072 19200 0 53 64
note 19200 19264 0 69 64
note 19264 19328 0 81 64
note 19328 19392 0 69 64
note 19392 19456 0 81 64
note 19456 19584 0 57 64
note 19456 19584 0 45 64
note 19584 19712 0 64 64
note 19584 19712 0 52 64
note 19712 19840 0 57 64
note 19712 19840 0 45 64
note 19840 19968 0 64 64
note 19840 19968 0 52 64
note 19968 20096 0 57 64
note 19968 20096 0 45 64
note 20096 20224 0 63 64
note 20096 20224 0 51 64
note 20480 20608 0 57 64
note 20480 20608 0 45 64
note 20608 20736 0 62 64
note 20608 20736 0 50 64
note 20736 20864 0 57 64
note 20736 20864 0 45 64
note 20864 20992 0 62 64
note 20864 20992 0 50 64
note 20992 21120 0 57 64
note 20992 21120 0 45 64
note 21120 21248 0 65 64
note 21120 21248 0 53 64
note 21504 21632 0 57 64
note 21504 21632 0 45 64
note 21632 21760 0 64 64
note 21632 21760 0 52 64
note 21760 21888 0 57 64
note 21760 21888 0 45 64
note 21888 22016 0 64 64
note 21888 22016 0 52 64
note 22016 22144 0 57 64
note 22016 22144 0 45 64
note 22144 22272 0 63 64
note 22144 22272 0 51 64
note 22528 22656 0 57 64
note 22656 22784 0 62 64
note 22528 22784 0 45 64
note 22528 22784 0 57 64
note 22784 22912 0 57 64
note 22912 23040 0 62 64
note 22784 23040 0 45 64
note 22784 23040 0 57 64
note 23040 23104 0 40 64
note 23040 23104 0 52 64
note 23104 23168 0 40 64
note 23104 23168 0 52 64
note 23168 23232 0 40 64
note 23168 23232 0 52 64
note 23040 23296 0 57 64
note 23232 23296 0 40 64
note 23232 23296 0 52 64
note 23296 23360 0 40 64
note 23296 23360 0 52 64
note 23360 23424 0 42 64
note 23360 23424 0 54 64
note 23424 23552 0 47 64
note 23424 23552 0 59 64
note 23552 23680 0 57 64
note 23680 23808 0 64 64
note 23552 23808 0 45 64
note 23552 23808 0 57 64
note 23808 23936 0 57 64
note 23936 24064 0 64 64
note 23808 24064 0 45 64
note 23808 24064 0 57 64
note 24064 24192 0 57 64
note 24192 24320 0 63 64
note 24064 24320 0 45 64
note 24064 24320 0 57 64
note 24576 24704 0 57 64
note 24704 24832 0 62 64
note 24576 24832 0 45 64
note 24576 24832 0 57 64
note 24832 24960 0 57 64
note 24960 25088 0 62 64
note 24832 25088 0 45 64
note 24832 25088 0 57 64
note 25258 25343 0 69 64
note 25088 25344 0 45 64
note 25088 25344 0 57 64
note 25429 25514 0 65 64
note 25600 25728 0 57 64
note 25728 25856 0 64 64
note 25600 25856 0 45 64
note 25600 25856 0 57 64
note 25856 25984 0 57 64
note 25984 26112 0 64 64
note 25856 26112 0 45 64
note 25856 26112 0 57 64
note 26112 26240 0 57 64
note 26240 26368 0 63 64
note 26112 26368 0 45 64
note 26112 26368 0 57 64
note 26624 26880 0 57 64
note 26624 26880 0 62 64
note 26624 26880 0 38 64
note 26624 26880 0 50 64
note 26880 27136 0 57 64
note 26880 27136 0 62 64
note 26880 27136 0 38 64
note 26880 27136 0 50 64
note 27136 27264 0 37 64
note 27136 27392 0 56 64
note 27136 27392 0 65 64
note 27264 27392 0 44 64
note 27392 27520 0 49 64
note 27392 27648 0 56 64
note 27392 27648 0 65 64
note 27520 27648 0 44 64
note 27648 27776 0 42 64
note 27648 27904 0 58 64
note 27648 27904 0 61 64
note 27648 27904 0 66 64
note 27776 27904 0 42 64
note 28032 28096 0 42 64
note 27904 28160 0 58 64
note 27904 28160 0 61 64
note 27904 28160 0 66 64
note 28096 28160 0 42 64
note 28160 28288 0 44 64
note 28160 28416 0 59 64
note 28160 28416 0 61 64
note 28160 28416 0 66 64
note 28288 28416 0 44 64
note 28544 28608 0 44 64
note 28416 28672 0 59 64
note 28416 28672 0 61 64
note 28416 28672 0 66 64
note 28608 28672 0 44 64
note 28672 28800 0 46 64
note 28672 28928 0 58 64
note 28672 28928 0 61 64
note 28672 28928 0 66 64
note 28800 28928 0 46 64
note 29056 29120 0 46 64
note 28928 29184 0 58 64
note 28928 29184 0 61 64
note 28928 29184 0 66 64
note 29120 29184 0 46 64
note 29184 29312 0 47 64
note 29184 29440 0 59 64
note 29184 29440 0 63 64
note 29184 29440 0 66 64
note 29312 29440 0 47 64
note 29440 29504 0 47 64
note 29504 29568 0 49 64
note 29568 29632 0 51 64
note 29440 29696 0 59 64
note 29440 29696 0 63 64
note 29440 29696 0 66 64
note 29632 29696 0 54 64
note 29696 29824 0 42 64
note 29696 29952 0 58 64
note 29696 29952 0 61 64
note 29696 29952 0 66 64
note 29824 29952 0 42 64
note 30080 30144 0 42 64
note 29952 30208 0 58 64
note 29952 30208 0 61 64
note 29952 30208 0 66 64
note 30144 30208 0 42 64
note 30208 30336 0 44 64
note 30208 30464 0 59 64
note 30208 30464 0 61 64
note 30208 30464 0 66 64
note 30336 30464 0 44 64
note 30592 30656 0 44 64
note 30464 30720 0 59 64
note 30464 30720 0 61 64
note 30464 30720 0 66 64
note 30656 30720 0 44 64
note 30720 30848 0 46 64
note 30720 30976 0 58 64
note 30720 30976 0 61 64
note 30720 30976 0 66 64
note 30848 30976 0 46 64
note 31104 31168 0 46 64
note 30976 31232 0 58 64
note 30976 31232 0 61 64
note 30976 31232 0 66 64
note 31168 31232 0 46 64
note 31232 31360 0 47 64
note 31232 31488 0 59 64
note 31232 31488 0 63 64
note 31232 31488 0 66 64
note 31360 31488 0 47 64
note 31488 31552 0 47 64
note 31552 31616 0 49 64
note 31616 31680 0 51 64
note 31488 31744 0 59 64
note 31488 31744 0 63 64
note 31488 31744 0 66 64
note 31680 31744 0 54 64
note 31744 31872 0 42 64
note 31744 32000 0 58 64
note 31744 32000 0 61 64
note 31744 32000 0 66 64
note 31872 32000 0 42 64
note 32128 32192 0 42 64
note 32000 32256 0 58 64
note 32000 32256 0 61 64
note 32000 32256 0 66 64
note 32192 32256 0 42 64
note 32256 32384 0 44 64
note 32256 32512 0 59 64
note 32256 32512 0 61 64
note 32256 32512 0 66 64
note 32384 32512 0 44 64
note 32640 32704 0 44 64
note 32512 32768 0 59 64
note 32512 32768 0 61 64
note 32512 32768 0 66 64
note 32704 32768 0 44 64
note 32768 32896 0 46 64
note 32768 33024 0 58 64
note 32768 33024 0 61 64
note 32768 33024 0 66 64
note 32896 33024 0 46 64
note 33152 33216 0 46 64
note 33024 33280 0 58 64
note 33024 33280 0 61 64
note 33024 33280 0 66 64
note 33216 33280 0 46 64
note 33280 33408 0 47 64
note 33280 33536 0 59 64
note 33280 33536 0 63 64
note 33280 33536 0 66 64
note 33408 33536 0 47 64
note 33536 33664 0 47 64
note 33536 33792 0 59 64
note 33536 33792 0 63 64
note 33536 33792 0 66 64
note 33664 33792 0 47 64
note 33792 33920 0 47 64
note 33920 34048 0 47 64
note 34048 34176 0 47 64
note 33792 34304 0 59 64
note 33792 34304 0 62 64
note 33792 34304 0 66 64
note 34176 34304 0 47 64
note 34304 34432 0 40 64
note 34304 34560 0 59 64
note 34304 34560 0 64 64
note 34432 34560 0 40 64
note 34560 34688 0 40 64
note 34560 34816 0 59 64
note 34560 34816 0 62 64
note 34688 34816 0 40 64
note 34816 34944 0 45 64
note 34944 35072 0 52 64
note 35072 35200 0 45 64
note 35200 35328 0 52 64
note 35328 35456 0 45 64
note 35456 35584 0 51 64
note 35840 35968 0 45 64
note 35968 36096 0 50 64
note 36096 36224 0 45 64
note 36224 36352 0 50 64
note 36352 36480 0 45 64
note 36480 36608 0 53 64
note 36864 36992 0 57 64
note 36864 36992 0 45 64
note 36992 37120 0 64 64
note 36992 37120 0 52 64
note 37120 37248 0 57 64
note 37120 37248 0 45 64
note 37248 37376 0 64 64
note 37248 37376 0 52 64
note 37376 37504 0 57 64
note 37376 37504 0 45 64
note 37504 37632 0 63 64
note 37504 37632 0 51 64
note 38912 39040 0 57 64
note 38912 39040 0 45 64
note 39040 39168 0 64 64
note 39040 39168 0 52 64
note 39168 39296 0 57 64
note 39168 39296 0 45 64
note 39296 39424 0 64 64
note 39296 39424 0 52 64
note 39424 39552 0 57 64
note 39424 39552 0 45 64
note 39552 39680 0 63 64
note 39552 39680 0 51 64
note 39936 40064 0 57 64
note 40064 40192 0 62 64
note 39936 40192 0 45 64
note 39936 40192 0 57 64
note 40192 40320 0 57 64
note 40320 40448 0 62 64
note 40192 40448 0 45 64
note 40192 40448 0 57 64
note 40448 40512 0 40 64
note 40448 40512 0 52 64
note 40512 40576 0 40 64
note 40512 40576 0 52 64
note 40576 40640 0 40 64
note 40576 40640 0 52 64
note 40448 40704 0 57 64
note 40640 40704 0 40 64
note 40640 40704 0 52 64
note 40704 40768 0 40 64
note 40704 40768 0 52 64
note 40768 40832 0 42 64
note 40768 40832 0 54 64
note 40832 40960 0 47 64
note 40832 40960 0 59 64
note 40960 41088 0 57 64
note 40960 41088 0 45 64
note 40960 41088 0 57 64
note 41088 41216 0 64 64
note 41088 41216 0 45 64
note 41088 41216 0 57 64
note 41216 41344 0 57 64
note 41216 41344 0 45 64
note 41216 41344 0 57 64
note 41344 41472 0 64 64
note 41344 41472 0 45 64
note 41344 41472 0 57 64
note 41472 41600 0 57 64
note 41472 41600 0 45 64
note 41472 41600 0 57 64
note 41600 41728 0 63 64
note 41600 41728 0 45 64
note 41600 41728 0 57 64
note 41984 42112 0 57 64
note 41984 42112 0 45 64
note 41984 42112 0 57 64
note 42112 42240 0 62 64
note 42112 42240 0 45 64
note 42112 42240 0 57 64
note 42240 42368 0 57 64
note 42240 42368 0 45 64
note 42240 42368 0 57 64
note 42368 42496 0 62 64
note 42368 42496 0 45 64
note 42368 42496 0 57 64
note 42666 42751 0 69 64
note 42496 42752 0 45 64
note 42496 42752 0 57 64
note 42837 42922 0 65 64
note 43008 43136 0 57 64
note 43008 43136 0 45 64
note 43008 43136 0 57 64
note 43136 43264 0 64 64
note 43136 43264 0 45 64
note 43136 43264 0 57 64
note 43264 43392 0 57 64
note 43264 43392 0 45 64
note 43264 43392 0 57 64
note 43392 43520 0 64 64
note 43392 43520 0 45 64
note 43392 43520 0 57 64
note 43520 43648 0 57 64
note 43520 43648 0 45 64
note 43520 43648 0 57 64
note 43648 43776 0 63 64
note 43648 43776 0 45 64
note 43648 43776 0 57 64
note 44032 44096 0 38 64
note 44032 44096 0 50 64
note 44096 44160 0 38 64
note 44096 44160 0 50 64
note 44160 44224 0 38 64
note 44160 44224 0 50 64
note 44032 44288 0 57 64
note 44032 44288 0 62 64
note 44224 44288 0 38 64
note 44224 44288 0 50 64
note 44288 44352 0 38 64
note 44288 44352 0 50 64
note 44352 44416 0 38 64
note 44352 44416 0 50 64
note 44416 44480 0 38 64
note 44416 44480 0 50 64
note 44288 44544 0 57 64
note 44288 44544 0 62 64
note 44480 44544 0 38 64
note 44480 44544 0 50 64
note 44544 44608 0 37 64
note 44544 44608 0 49 64
note 44608 44672 0 37 64
note 44608 44672 0 49 64
note 44672 44736 0 37 64
note 44672 44736 0 49 64
note 44544 44800 0 56 64
note 44544 44800 0 65 64
note 44736 44800 0 37 64
note 44736 44800 0 49 64
note 44800 44864 0 37 64
note 44800 44864 0 49 64
note 44864 44928 0 37 64
note 44864 44928 0 49 64
note 44928 44992 0 37 64
note 44928 44992 0 49 64
note 44800 45056 0 56 64
note 44800 45056 0 65 64
note 44992 45056 0 37 64
note 44992 45056 0 49 64
note 45056 45184 0 30 64
note 45056 45184 0 42 64
note 45056 45312 0 58 64
note 45056 45312 0 61 64
note 45056 45312 0 66 64
note 45184 45312 0 30 64
note 45184 45312 0 42 64
note 45440 45504 0 30 64
note 45440 45504 0 42 64
note 45312 45568 0 58 64
note 45312 45568 0 61 64
note 45312 45568 0 66 64
note 45504 45568 0 30 64
note 45504 45568 0 42 64
note 45568 45696 0 32 64
note 45568 45696 0 44 64
note 45568 45824 0 59 64
note 45568 45824 0 61 64
note 45568 45824 0 66 64
note 45696 45824 0 32 64
note 45696 45824 0 44 64
note 45952 46016 0 32 64
note 45952 46016 0 44 64
note 45824 46080 0 59 64
note 45824 46080 0 61 64
note 45824 46080 0 66 64
note 46016 46080 0 32 64
note 46016 46080 0 44 64
note 46080 46208 0 34 64
note 46080 46208 0 46 64
note 46080 46336 0 58 64
note 46080 46336 0 61 64
note 46080 46336 0 66 64
note 46208 46336 0 34 64
note 46208 46336 0 46 64
note 46464 46528 0 34 64
note 46464 46528 0 46 64
note 46336 46592 0 58 64
note 46336 46592 0 61 64
note 46336 46592 0 66 64
note 46528 46592 0 34 64
note 46528 46592 0 46 64
note 46592 46720 0 35 64
note 46592 46720 0 47 64
note 46592 46848 0 59 64
note 46592 46848 0 63 64
note 46592 46848 0 66 64
note 46720 46848 0 35 64
note 46720 46848 0 47 64
note 46848 46912 0 35 64
note 46848 46912 0 47 64
note 46912 46976 0 37 64
note 46912 46976 0 49 64
note 46976 47040 0 39 64
note 46976 47040 0 51 64
note 46848 47104 0 59 64
note 46848 47104 0 63 64
note 46848 47104 0 66 64
note 47040 47104 0 42 64
note 47040 47104 0 54 64
note 47104 47232 0 30 64
note 47104 47232 0 42 64
note 47104 47360 0 58 64
note 47104 47360 0 61 64
note 47104 47360 0 66 64
note 47232 47360 0 30 64
note 47232 47360 0 42 64
note 47488 47552 0 30 64
note 47488 47552 0 42 64
note 47360 47616 0 58 64
note 47360 47616 0 61 64
note 47360 47616 0 66 64
note 47552 47616 0 30 64
note 47552 47616 0 42 64
note 47616 47744 0 32 64
note 47616 47744 0 44 64
note 47616 47872 0 59 64
note 47616 47872 0 61 64
note 47616 47872 0 66 64
note 47744 47872 0 32 64
note 47744 47872 0 44 64
note 48000 48064 0 32 64
note 48000 48064 0 44 64
note 47872 48128 0 59 64
note 47872 48128 0 61 64
note 47872 48128 0 66 64
note 48064 48128 0 32 64
note 48064 48128 0 44 64
note 48128 48256 0 34 64
note 48128 48256 0 46 64
note 48128 48384 0 58 64
note 48128 48384 0 61 64
note 48128 48384 0 66 64
note 48256 48384 0 34 64
note 48256 48384 0 46 64
note 48512 48576 0 34 64
note 48512 48576 0 46 64
note 48384 48640 0 58 64
note 48384 48640 0 61 64
note 48384 48640 0 66 64
note 48576 48640 0 34 64
note 48576 48640 0 46 64
note 48640 48768 0 35 64
note 48640 48768 0 47 64
note 48640 48896 0 59 64
note 48640 48896 0 63 64
note 48640 48896 0 66 64
note 48768 48896 0 35 64
note 48768 48896 0 47 64
note 48896 48960 0 35 64
note 48896 48960 0 47 64
note 48960 49024 0 37 64
note 48960 49024 0 49 64
note 49024 49088 0 39 64
note 49024 49088 0 51 64
note 48896 49152 0 59 64
note 48896 49152 0 63 64
note 48896 49152 0 66 64
note 49088 49152 0 42 64
note 49088 49152 0 54 64
note 49152 49280 0 30 64
note 49152 49280 0 42 64
note 49152 49408 0 58 64
note 49152 49408 0 61 64
note 49152 49408 0 66 64
note 49280 49408 0 30 64
note 49280 49408 0 42 64
note 49536 49600 0 30 64
note 49536 49600 0 42 64
note 49408 49664 0 58 64
note 49408 49664 0 61 64
note 49408 49664 0 66 64
note 49600 49664 0 30 64
note 49600 49664 0 42 64
note 49664 49792 0 32 64
note 49664 49792 0 44 64
note 49664 49920 0 59 64
note 49664 49920 0 61 64
note 49664 49920 0 66 64
note 49792 49920 0 32 64
note 49792 49920 0 44 64
note 50048 50112 0 32 64
note 50048 50112 0 44 64
note 49920 50176 0 59 64
note 49920 50176 0 61 64
note 49920 50176 0 66 64
note 50112 50176 0 32 64
note 50112 50176 0 44 64
note 50176 50304 0 34 64
note 50176 50304 0 46 64
note 50176 50432 0 58 64
note 50176 50432 0 61 64
note 50176 50432 0 66 64
note 50304 50432 0 34 64
note 50304 50432 0 46 64
note 50560 50624 0 34 64
note 50560 50624 0 46 64
note 50432 50688 0 58 64
note 50432 50688 0 61 64
note 50432 50688 0 66 64
note 50624 50688 0 34 64
note 50624 50688 0 46 64
note 50688 50816 0 35 64
note 50688 50816 0 47 64
note 50688 50944 0 59 64
note 50688 50944 0 63 64
note 50688 50944 0 66 64
note 50816 50944 0 35 64
note 50816 50944 0 47 64
note 50944 51072 0 35 64
note 50944 51072 0 47 64
note 50944 51200 0 59 64
note 50944 51200 0 63 64
note 50944 51200 0 66 64
note 51072 51200 0 35 64
note 51072 51200 0 47 64
note 51200 51328 0 35 64
note 51200 51328 0 47 64
note 51328 51456 0 35 64
note 51328 51456 0 47 64
note 51456 51584 0 35 64
note 51456 51584 0 47 64
note 51200 51712 0 59 64
note 51200 51712 0 62 64
note 51200 51712 0 66 64
note 51584 51712 0 35 64
note 51584 51712 0 47 64
note 51712 51840 0 28 64
note 51712 51840 0 40 64
note 51712 51968 0 59 64
note 51712 51968 0 64 64
note 51840 51968 0 28 64
note 51840 51968 0 40 64
note 51968 52096 0 28 64
note 51968 52096 0 40 64
note 51968 52224 0 59 64
note 51968 52224 0 62 64
note 52096 52224 0 28 64
note 52096 52224 0 40 64
note 52224 52480 0 57 64
note 52224 52480 0 61 64
note 52224 52480 0 64 64
note 52224 52480 0 45 64
note 52480 52736 0 57 64
note 52480 52736 0 61 64
note 52480 52736 0 64 64
note 52480 52736 0 44 64
note 52736 52992 0 57 64
note 52736 52992 0 61 64
note 52736 52992 0 66 64
note 52736 52992 0 42 64
note 52992 53248 0 57 64
note 52992 53248 0 61 64
note 52992 53248 0 66 64
note 52992 53248 0 40 64
note 53248 53376 0 38 64
note 53376 53504 0 38 64
note 53504 53632 0 35 64
note 53248 53760 0 59 64
note 53248 53760 0 62 64
note 53248 53760 0 66 64
note 53632 53760 0 33 64
note 53760 54016 0 59 64
note 53760 54016 0 64 64
note 53760 54016 0 28 64
note 53760 54016 0 40 64
note 54016 54272 0 59 64
note 54016 54272 0 62 64
note 54016 54272 0 28 64
note 54016 54272 0 40 64
note 54272 54528 0 57 64
note 54272 54528 0 61 64
note 54272 54528 0 64 64
note 54272 54528 0 45 64
note 54528 54784 0 57 64
note 54528 54784 0 61 64
note 54528 54784 0 64 64
note 54528 54784 0 44 64
note 54784 55040 0 57 64
note 54784 55040 0 61 64
note 54784 55040 0 66 64
note 54784 55040 0 42 64
note 55040 55296 0 57 64
note 55040 55296 0 61 64
note 55040 55296 0 66 64
note 55040 55296 0 40 64
note 55296 55424 0 38 64
note 55424 55552 0 38 64
note 55552 55680 0 35 64
note 55296 55808 0 59 64
note 55296 55808 0 62 64
note 55296 55808 0 66 64
note 55680 55808 0 33 64
note 55808 56064 0 59 64
note 55808 56064 0 64 64
note 55808 56064 0 28 64
note 55808 56064 0 40 64
note 56064 56320 0 59 64
note 56064 56320 0 62 64
note 56064 56320 0 28 64
note 56064 56320 0 40 64
note 56320 56832 0 57 64
note 56320 56832 0 61 64
note 56320 56832 0 69 64
note 56320 56832 0 33 64
note 56320 56832 0 45 0
