tempo 2893
note 576 736 29 54 110
note 768 862 29 61 110
note 864 958 29 58 110
note 960 1120 29 58 110
note 1152 1246 29 56 110
note 1248 1342 29 54 110
note 1344 1438 29 54 110
note 1440 1630 29 59 110
note 1632 1726 29 58 110
note 1728 1822 29 58 110
note 1824 1918 29 56 110
note 1920 2014 29 56 110
note 2016 2110 29 54 110
note 2208 2302 29 54 110
note 2304 2398 29 61 110
note 2400 2494 29 58 110
note 2496 2590 29 58 110
note 2592 2686 29 56 110
note 2688 2782 29 56 110
note 2784 2878 29 54 110
note 2880 2974 29 54 110
note 2976 3166 29 51 110
note 3168 3424 29 49 110
note 3648 3742 29 54 110
note 3744 3838 29 54 110
note 3840 3934 29 61 110
note 3936 4030 29 58 110
note 4032 4126 29 58 110
note 4128 4222 29 56 110
note 4224 4318 29 56 110
note 4320 4414 29 54 110
note 4416 4510 29 54 110
note 4512 4702 29 59 110
note 4704 4798 29 58 110
note 4800 4894 29 58 110
note 4896 4990 29 56 110
note 4992 5086 29 56 110
note 5088 5182 29 54 110
note 5184 5278 29 54 110
note 5280 5470 29 61 110
note 5472 5566 29 58 110
note 5568 5662 29 58 110
note 5664 5854 29 56 110
note 5856 5950 29 54 110
note 5952 6046 29 54 110
note 6048 6238 29 56 110
note 6240 6496 29 51 110
note 6720 6862 29 54 110
note 6864 6910 29 54 110
note 6912 7006 29 54 110
note 7008 7102 29 54 110
note 7104 7150 29 54 110
note 7152 7198 29 54 110
note 7200 7246 29 54 110
note 7248 7294 29 54 110
note 7296 7390 29 54 110
note 7392 7486 29 54 110
note 7488 7534 29 54 110
note 7536 7582 29 54 110
note 7680 7774 29 54 110
note 7776 7822 29 54 110
note 7824 7870 29 54 110
note 7872 7966 29 54 110
note 7968 8014 29 54 110
note 8016 8062 29 54 110
note 8064 8110 29 54 110
note 8112 8158 29 54 110
note 8160 8254 29 54 110
note 8256 8302 29 58 110
note 8304 8350 29 54 110
note 8448 8494 29 58 110
note 8496 8542 29 61 110
note 8544 8638 29 61 110
note 8640 8734 29 61 110
note 8736 8782 29 59 110
note 8784 8830 29 59 110
note 8832 8926 29 58 110
note 8928 9022 29 58 110
note 9024 9118 29 58 110
note 9168 9214 29 49 110
note 9216 9310 29 58 110
note 9312 9406 29 54 110
note 9408 9502 29 54 110
note 9504 9550 29 54 110
note 9552 9598 29 51 110
note 9600 9694 29 54 110
note 9696 9790 29 54 110
note 9792 9838 29 51 110
note 9840 9886 29 49 110
note 9984 10030 29 58 110
note 10032 10126 29 61 110
note 10128 10174 29 58 110
note 10176 10270 29 63 110
note 10272 10318 29 58 110
note 10320 10414 29 61 110
note 10416 10462 29 58 110
note 10464 10558 29 63 110
note 10560 10606 29 58 110
note 10608 10702 29 61 110
note 10704 10798 29 59 110
note 10800 10894 29 58 110
note 10896 10990 29 56 110
note 10992 11086 29 56 110
note 11088 11134 29 54 110
note 11136 11230 29 56 110
note 11232 11326 29 54 110
note 11472 11518 29 49 110
note 11520 11566 29 54 110
note 11568 11614 29 54 110
note 11616 11710 29 54 110
note 11712 11758 29 54 110
note 11760 11806 29 54 110
note 11808 11902 29 54 110
note 11904 11998 29 54 110
note 12240 12286 29 49 110
note 12288 12334 29 58 110
note 12336 12382 29 54 110
note 12384 12478 29 54 110
note 12480 12526 29 54 110
note 12528 12574 29 51 110
note 12576 12670 29 51 110
note 12672 12832 29 51 110
note 13056 13150 29 58 110
note 13152 13342 29 54 110
note 13344 13390 29 54 110
note 13392 13438 29 51 110
note 13440 13534 29 54 110
note 13536 13630 29 54 110
note 13728 13774 29 54 110
note 13776 13822 29 51 110
note 13824 13918 29 54 110
note 13920 14014 29 54 110
note 14112 14206 29 54 110
note 14304 14560 29 58 110
note 14592 14686 29 58 110
note 14688 14878 29 54 110
note 14880 14926 29 54 110
note 14928 14974 29 51 110
note 14976 15070 29 54 110
note 15072 15166 29 54 110
note 15264 15310 29 54 110
note 15312 15358 29 51 110
note 15360 15454 29 54 110
note 15456 15550 29 54 110
note 15648 15742 29 54 110
note 15840 16096 29 58 110
note 16128 16288 29 58 110
note 16320 16462 29 61 110
note 16464 16510 29 61 110
note 16512 16606 29 59 110
note 16608 16702 29 58 110
note 16704 16798 29 56 110
note 16800 16894 29 56 110
note 16896 17230 29 54 110
note 17280 17374 29 54 110
note 17376 17470 29 54 110
note 17472 17566 29 56 110
note 17568 17662 29 54 110
note 17664 17758 29 58 110
note 17760 18016 29 56 110
note 18048 18142 29 56 110
note 18144 18334 29 54 110
note 18336 18430 29 56 110
note 18432 18526 29 58 110
note 18528 19102 29 51 110
note 19104 19150 29 54 110
note 19152 19198 29 54 110
note 19200 19294 29 54 110
note 19296 19390 29 54 110
note 19488 19534 29 54 110
note 19536 19582 29 54 110
note 19584 19630 29 54 110
note 19632 19678 29 54 110
note 19680 19774 29 54 110
note 19776 19822 29 54 110
note 19824 19918 29 54 110
note 19920 19966 29 49 110
note 19968 20014 29 54 110
note 20016 20062 29 54 110
note 20064 20158 29 54 110
note 20160 20254 29 54 110
note 20256 20350 29 54 110
note 20352 20398 29 54 110
note 20400 20446 29 54 110
note 20448 20542 29 54 110
note 20544 20590 29 58 110
note 20592 20638 29 54 110
note 20640 20686 29 49 110
note 20688 20734 29 49 110
note 20736 20782 29 58 110
note 20784 20830 29 61 110
note 20832 20878 29 61 110
note 20880 20974 29 59 110
note 20976 21070 29 58 110
note 21072 21118 29 56 110
note 21120 21166 29 56 110
note 21168 21262 29 54 110
note 21312 21358 29 54 110
note 21360 21406 29 54 110
note 21408 21454 29 54 110
note 21456 21502 29 56 110
note 21504 21598 29 58 110
note 21600 21646 29 56 110
note 21648 21694 29 54 110
note 21696 21742 29 56 110
note 21744 21790 29 54 110
note 21792 21886 29 51 110
note 21888 21934 29 51 110
note 21936 21982 29 51 110
note 22032 22078 29 49 110
note 22080 22174 29 58 110
note 22176 22270 29 61 110
note 22272 22366 29 63 110
note 22416 22462 29 49 110
note 22464 22510 29 58 110
note 22512 22558 29 54 110
note 22560 22606 29 54 110
note 22608 22654 29 54 110
note 22656 22750 29 54 110
note 22800 22846 29 49 110
note 22848 22894 29 54 110
note 22896 22942 29 56 110
note 22944 22990 29 58 110
note 22992 23038 29 61 110
note 23040 23134 29 59 110
note 23136 23182 29 58 110
note 23184 23230 29 56 110
note 23232 23278 29 58 110
note 23280 23326 29 56 110
note 23328 23422 29 51 110
note 23424 23518 29 51 110
note 23568 23614 29 49 110
note 23616 23710 29 63 110
note 23712 23806 29 61 110
note 23808 23854 29 61 110
note 23856 23902 29 61 110
note 24000 24046 29 58 110
note 24048 24142 29 54 110
note 24144 24238 29 54 110
note 24384 24430 29 54 110
note 24432 24478 29 54 110
note 24480 24526 29 54 110
note 24528 24574 29 56 110
note 24576 24622 29 58 110
note 24624 24670 29 54 110
note 24672 24718 29 54 110
note 24720 24766 29 56 110
note 24768 24814 29 58 110
note 24816 24862 29 54 110
note 24864 24958 29 51 110
note 24960 25120 29 51 110
note 25344 25438 29 58 110
note 25440 25630 29 54 110
note 25632 25678 29 54 110
note 25680 25726 29 51 110
note 25728 25822 29 54 110
note 25824 25918 29 54 110
note 26016 26062 29 54 110
note 26064 26110 29 51 110
note 26112 26206 29 54 110
note 26208 26302 29 54 110
note 26400 26494 29 54 110
note 26592 26848 29 58 110
note 26880 26974 29 58 110
note 26976 27166 29 54 110
note 27168 27214 29 54 110
note 27216 27262 29 51 110
note 27264 27358 29 54 110
note 27360 27454 29 54 110
note 27552 27598 29 54 110
note 27600 27646 29 51 110
note 27648 27742 29 54 110
note 27744 27838 29 54 110
note 27936 28030 29 54 110
note 28128 28384 29 58 110
note 28416 28576 29 58 110
note 28608 28750 29 61 110
note 28752 28798 29 61 110
note 28800 28894 29 59 110
note 28896 28990 29 58 110
note 28992 29086 29 56 110
note 29088 29182 29 56 110
note 29184 29518 29 54 110
note 29568 29662 29 54 110
note 29664 29758 29 54 110
note 29760 29854 29 56 110
note 29856 29950 29 54 110
note 29952 30046 29 58 110
note 30048 30304 29 56 110
note 30336 30430 29 56 110
note 30432 30622 29 54 110
note 30624 30718 29 56 110
note 30720 30814 29 58 110
note 30816 31438 29 51 110
note 37632 37726 29 58 110
note 37728 37918 29 54 110
note 37920 37966 29 54 110
note 37968 38014 29 51 110
note 38016 38110 29 54 110
note 38112 38206 29 54 110
note 38304 38350 29 54 110
note 38352 38398 29 51 110
note 38400 38494 29 54 110
note 38496 38590 29 54 110
note 38688 38782 29 54 110
note 38880 39136 29 58 110
note 39168 39262 29 58 110
note 39264 39454 29 54 110
note 39456 39502 29 54 110
note 39504 39550 29 51 110
note 39552 39646 29 54 110
note 39648 39742 29 54 110
note 39840 39886 29 54 110
note 39888 39934 29 51 110
note 39936 40030 29 54 110
note 40032 40126 29 54 110
note 40224 40318 29 54 110
note 40416 40606 29 58 110
note 40608 40702 29 49 110
note 40704 40864 29 58 110
note 40896 41038 29 61 110
note 41040 41086 29 61 110
note 41088 41182 29 59 110
note 41184 41278 29 61 110
note 41280 41374 29 63 110
note 41376 41806 29 66 110
note 41856 41950 29 54 110
note 41952 42046 29 54 110
note 42048 42142 29 56 110
note 42144 42238 29 54 110
note 42240 42334 29 58 110
note 42336 42592 29 56 110
note 42816 42976 29 54 110
note 43008 43102 29 61 110
note 43104 43198 29 58 110
note 43200 43360 29 58 110
note 43392 43486 29 56 110
note 43488 43582 29 54 110
note 43584 43678 29 54 110
note 43680 43870 29 59 110
note 43872 43966 29 58 110
note 43968 44062 29 58 110
note 44064 44158 29 56 110
note 44160 44254 29 56 110
note 44256 44350 29 54 110
note 44352 44446 29 56 110
note 44448 44542 29 54 110
note 44544 44638 29 61 110
note 44640 44734 29 58 110
note 44736 44830 29 58 110
note 44832 44926 29 56 110
note 44928 45022 29 56 110
note 45024 45118 29 54 110
note 45120 45214 29 54 110
note 45216 45406 29 51 110
note 45408 45664 29 49 110
note 45888 45934 29 61 110
note 45936 46078 29 61 110
note 46080 46240 29 61 110
note 46272 46318 29 58 110
note 46320 46366 29 56 110
note 46368 46462 29 58 110
note 46464 46558 29 56 110
note 46656 46702 29 56 110
note 46704 46846 29 61 110
note 46848 46894 29 59 110
note 46896 46942 29 58 110
note 46944 46990 29 59 110
note 46992 47038 29 58 110
note 47040 47134 29 59 110
note 47136 47230 29 54 110
note 47232 47326 29 51 110
note 47328 47422 29 49 110
note 47424 47518 29 51 110
note 47520 47614 29 49 110
note 47616 47776 29 61 110
note 47808 47902 29 58 110
note 47904 47998 29 58 110
note 48000 48094 29 56 110
note 48096 48190 29 54 110
note 48288 48478 29 56 110
note 48480 48910 29 58 110
note 48960 49102 29 61 110
note 49104 49150 29 61 110
note 49152 49246 29 61 110
note 49248 49342 29 61 110
note 49344 49390 29 61 110
note 49392 49438 29 61 110
note 49440 49486 29 61 110
note 49488 49534 29 61 110
note 49536 49630 29 61 110
note 49632 49726 29 61 110
note 49728 49774 29 61 110
note 49776 49822 29 61 110
note 49920 50014 29 61 110
note 50016 50062 29 61 110
note 50064 50110 29 61 110
note 50112 50206 29 61 110
note 50208 50254 29 61 110
note 50256 50302 29 61 110
note 50304 50350 29 61 110
note 50352 50398 29 61 110
note 50400 50494 29 61 110
note 50496 50542 29 63 110
note 50544 50590 29 61 110
note 50688 50734 29 58 110
note 50736 50782 29 61 110
note 50784 50878 29 61 110
note 50880 50974 29 61 110
note 50976 51022 29 59 110
note 51024 51070 29 59 110
note 51072 51166 29 58 110
note 51168 51262 29 58 110
note 51264 51358 29 58 110
note 51408 51454 29 49 110
note 51456 51550 29 58 110
note 51552 51646 29 54 110
note 51648 51742 29 54 110
note 51744 51790 29 54 110
note 51792 51838 29 51 110
note 51840 51934 29 54 110
note 51936 52030 29 54 110
note 52032 52078 29 51 110
note 52080 52126 29 49 110
note 52224 52270 29 58 110
note 52272 52366 29 61 110
note 52368 52414 29 58 110
note 52416 52510 29 63 110
note 52512 52558 29 58 110
note 52560 52654 29 61 110
note 52656 52702 29 58 110
note 52704 52798 29 63 110
note 52800 52846 29 58 110
note 52848 52942 29 61 110
note 52944 53038 29 59 110
note 53040 53134 29 58 110
note 53136 53230 29 56 110
note 53232 53326 29 56 110
note 53328 53374 29 54 110
note 53376 53470 29 56 110
note 53472 53566 29 54 110
note 53712 53758 29 49 110
note 53760 53806 29 54 110
note 53808 53854 29 54 110
note 53856 53950 29 54 110
note 53952 53998 29 54 110
note 54000 54046 29 54 110
note 54048 54142 29 54 110
note 54144 54238 29 54 110
note 54480 54526 29 49 110
note 54528 54574 29 63 110
note 54576 54622 29 61 110
note 54624 54718 29 61 110
note 54720 54766 29 61 110
note 54768 54814 29 61 110
note 54816 54910 29 61 110
note 54912 55072 29 61 110
note 55296 55390 29 58 110
note 55392 55582 29 54 110
note 55584 55630 29 54 110
note 55632 55678 29 51 110
note 55680 55774 29 54 110
note 55776 55870 29 54 110
note 55968 56014 29 54 110
note 56016 56062 29 51 110
note 56064 56158 29 54 110
note 56160 56254 29 54 110
note 56352 56446 29 54 110
note 56544 56800 29 58 110
note 56832 56926 29 58 110
note 56928 57118 29 54 110
note 57120 57166 29 54 110
note 57168 57214 29 51 110
note 57216 57310 29 54 110
note 57312 57406 29 54 110
note 57504 57550 29 54 110
note 57552 57598 29 51 110
note 57600 57694 29 54 110
note 57696 57790 29 54 110
note 57888 57982 29 54 110
note 58080 58270 29 58 110
note 58272 58366 29 49 110
note 58368 58528 29 58 110
note 58560 58702 29 61 110
note 58704 58750 29 61 110
note 58752 58846 29 59 110
note 58848 58942 29 61 110
note 58944 59038 29 63 110
note 59040 59134 29 66 110
note 59136 59230 29 68 110
note 59232 59488 29 66 110
note 59520 59614 29 54 110
note 59616 59710 29 54 110
note 59712 59806 29 56 110
note 59808 59902 29 54 110
note 59904 59998 29 61 110
note 60000 60256 29 58 110
note 60288 60382 29 56 110
note 60384 60574 29 54 110
note 60576 60670 29 56 110
note 60672 60766 29 58 110
note 60768 61294 29 54 110
note 61344 61438 29 49 110
note 61440 61600 29 58 110
note 61632 61774 29 61 110
note 61776 61822 29 61 110
note 61824 61918 29 59 110
note 61920 62014 29 61 110
note 62016 62110 29 63 110
note 62112 62206 29 66 110
note 62208 62302 29 68 110
note 62304 62560 29 66 110
note 62592 62686 29 54 110
note 62688 62782 29 54 110
note 62784 62878 29 56 110
note 62880 62974 29 54 110
note 62976 63070 29 61 110
note 63072 63328 29 58 110
note 63360 63454 29 56 110
note 63456 63646 29 54 110
note 63648 63742 29 56 110
note 63744 63838 29 58 110
note 63840 64366 29 51 110
note 12864 13006 27 39 110
note 13008 13054 27 41 110
note 13056 13150 27 42 110
note 13056 13150 27 49 110
note 13152 13246 27 42 110
note 13152 13246 27 49 110
note 13248 13342 27 42 110
note 13248 13342 27 49 110
note 13344 13438 27 42 110
note 13344 13438 27 49 110
note 13440 13534 27 47 110
note 13440 13534 27 54 110
note 13536 13630 27 47 110
note 13536 13630 27 54 110
note 13632 13726 27 47 110
note 13632 13726 27 54 110
note 13728 13822 27 47 110
note 13728 13822 27 54 110
note 13824 13918 27 48 110
note 13824 13918 27 54 110
note 13920 14014 27 48 110
note 13920 14014 27 54 110
note 14016 14110 27 48 110
note 14016 14110 27 54 110
note 14112 14206 27 48 110
note 14112 14206 27 54 110
note 14208 14302 27 47 110
note 14208 14302 27 54 110
note 14304 14398 27 47 110
note 14304 14398 27 54 110
note 14400 14494 27 47 110
note 14400 14494 27 54 110
note 14496 14590 27 47 110
note 14496 14590 27 54 110
note 14592 14686 27 42 110
note 14592 14686 27 49 110
note 14688 14782 27 42 110
note 14688 14782 27 49 110
note 14784 14878 27 42 110
note 14784 14878 27 49 110
note 14880 14974 27 42 110
note 14880 14974 27 49 110
note 14976 15070 27 47 110
note 14976 15070 27 54 110
note 15072 15166 27 47 110
note 15072 15166 27 54 110
note 15168 15262 27 47 110
note 15168 15262 27 54 110
note 15264 15358 27 47 110
note 15264 15358 27 54 110
note 15360 15454 27 48 110
note 15360 15454 27 54 110
note 15456 15550 27 48 110
note 15456 15550 27 54 110
note 15552 15646 27 48 110
note 15552 15646 27 54 110
note 15648 15742 27 48 110
note 15648 15742 27 54 110
note 15744 15838 27 47 110
note 15744 15838 27 54 110
note 15840 15934 27 47 110
note 15840 15934 27 54 110
note 15936 16030 27 47 110
note 15936 16030 27 54 110
note 16032 16126 27 47 110
note 16032 16126 27 54 110
note 16128 16222 27 42 110
note 16128 16222 27 49 110
note 16224 16318 27 42 110
note 16224 16318 27 49 110
note 16320 16414 27 42 110
note 16320 16414 27 49 110
note 16416 16510 27 42 110
note 16416 16510 27 49 110
note 16512 16606 27 47 110
note 16512 16606 27 54 110
note 16608 16702 27 47 110
note 16608 16702 27 54 110
note 16704 16798 27 47 110
note 16704 16798 27 54 110
note 16800 16894 27 47 110
note 16800 16894 27 54 110
note 16896 16990 27 48 110
note 16896 16990 27 54 110
note 16992 17086 27 48 110
note 16992 17086 27 54 110
note 17088 17182 27 48 110
note 17088 17182 27 54 110
note 17184 17278 27 48 110
note 17184 17278 27 54 110
note 17280 17374 27 47 110
note 17280 17374 27 54 110
note 17376 17470 27 47 110
note 17376 17470 27 54 110
note 17472 17566 27 47 110
note 17472 17566 27 54 110
note 17568 17662 27 47 110
note 17568 17662 27 54 110
note 17664 17758 27 42 110
note 17664 17758 27 49 110
note 17760 17854 27 42 110
note 17760 17854 27 49 110
note 17856 17950 27 42 110
note 17856 17950 27 49 110
note 17952 18046 27 42 110
note 17952 18046 27 49 110
note 18048 18142 27 40 110
note 18048 18142 27 47 110
note 18144 18238 27 40 110
note 18144 18238 27 47 110
note 18240 18334 27 40 110
note 18240 18334 27 47 110
note 18336 18430 27 40 110
note 18336 18430 27 47 110
note 18432 19150 27 42 110
note 18432 19150 27 47 110
note 18432 19150 27 54 110
note 25152 25294 27 39 110
note 25296 25342 27 41 110
note 25344 25438 27 42 110
note 25344 25438 27 49 110
note 25440 25534 27 42 110
note 25440 25534 27 49 110
note 25536 25630 27 42 110
note 25536 25630 27 49 110
note 25632 25726 27 42 110
note 25632 25726 27 49 110
note 25728 25822 27 47 110
note 25728 25822 27 54 110
note 25824 25918 27 47 110
note 25824 25918 27 54 110
note 25920 26014 27 47 110
note 25920 26014 27 54 110
note 26016 26110 27 47 110
note 26016 26110 27 54 110
note 26112 26206 27 48 110
note 26112 26206 27 54 110
note 26208 26302 27 48 110
note 26208 26302 27 54 110
note 26304 26398 27 48 110
note 26304 26398 27 54 110
note 26400 26494 27 48 110
note 26400 26494 27 54 110
note 26496 26590 27 47 110
note 26496 26590 27 54 110
note 26592 26686 27 47 110
note 26592 26686 27 54 110
note 26688 26782 27 47 110
note 26688 26782 27 54 110
note 26784 26878 27 47 110
note 26784 26878 27 54 110
note 26880 26974 27 42 110
note 26880 26974 27 49 110
note 26976 27070 27 42 110
note 26976 27070 27 49 110
note 27072 27166 27 42 110
note 27072 27166 27 49 110
note 27168 27262 27 42 110
note 27168 27262 27 49 110
note 27264 27358 27 47 110
note 27264 27358 27 54 110
note 27360 27454 27 47 110
note 27360 27454 27 54 110
note 27456 27550 27 47 110
note 27456 27550 27 54 110
note 27552 27646 27 47 110
note 27552 27646 27 54 110
note 27648 27742 27 48 110
note 27648 27742 27 54 110
note 27744 27838 27 48 110
note 27744 27838 27 54 110
note 27840 27934 27 48 110
note 27840 27934 27 54 110
note 27936 28030 27 48 110
note 27936 28030 27 54 110
note 28032 28126 27 47 110
note 28032 28126 27 54 110
note 28128 28222 27 47 110
note 28128 28222 27 54 110
note 28224 28318 27 47 110
note 28224 28318 27 54 110
note 28320 28414 27 47 110
note 28320 28414 27 54 110
note 28416 28510 27 42 110
note 28416 28510 27 49 110
note 28512 28606 27 42 110
note 28512 28606 27 49 110
note 28608 28702 27 42 110
note 28608 28702 27 49 110
note 28704 28798 27 42 110
note 28704 28798 27 49 110
note 28800 28894 27 47 110
note 28800 28894 27 54 110
note 28896 28990 27 47 110
note 28896 28990 27 54 110
note 28992 29086 27 47 110
note 28992 29086 27 54 110
note 29088 29182 27 47 110
note 29088 29182 27 54 110
note 29184 29278 27 48 110
note 29184 29278 27 54 110
note 29280 29374 27 48 110
note 29280 29374 27 54 110
note 29376 29470 27 48 110
note 29376 29470 27 54 110
note 29472 29566 27 48 110
note 29472 29566 27 54 110
note 29568 29662 27 47 110
note 29568 29662 27 54 110
note 29664 29758 27 47 110
note 29664 29758 27 54 110
note 29760 29854 27 47 110
note 29760 29854 27 54 110
note 29856 29950 27 47 110
note 29856 29950 27 54 110
note 29952 30046 27 42 110
note 29952 30046 27 49 110
note 30048 30142 27 42 110
note 30048 30142 27 49 110
note 30144 30238 27 42 110
note 30144 30238 27 49 110
note 30240 30334 27 42 110
note 30240 30334 27 49 110
note 30336 30430 27 40 110
note 30336 30430 27 47 110
note 30432 30526 27 40 110
note 30432 30526 27 47 110
note 30528 30622 27 40 110
note 30528 30622 27 47 110
note 30624 30718 27 40 110
note 30624 30718 27 47 110
note 30720 31438 27 42 110
note 30720 31438 27 47 110
note 30720 31438 27 54 110
note 37440 37582 27 39 110
note 37584 37630 27 41 110
note 37632 37726 27 42 110
note 37632 37726 27 49 110
note 37728 37822 27 42 110
note 37728 37822 27 49 110
note 37824 37918 27 42 110
note 37824 37918 27 49 110
note 37920 38014 27 42 110
note 37920 38014 27 49 110
note 38016 38110 27 47 110
note 38016 38110 27 54 110
note 38112 38206 27 47 110
note 38112 38206 27 54 110
note 38208 38302 27 47 110
note 38208 38302 27 54 110
note 38304 38398 27 47 110
note 38304 38398 27 54 110
note 38400 38494 27 48 110
note 38400 38494 27 54 110
note 38496 38590 27 48 110
note 38496 38590 27 54 110
note 38592 38686 27 48 110
note 38592 38686 27 54 110
note 38688 38782 27 48 110
note 38688 38782 27 54 110
note 38784 38878 27 47 110
note 38784 38878 27 54 110
note 38880 38974 27 47 110
note 38880 38974 27 54 110
note 38976 39070 27 47 110
note 38976 39070 27 54 110
note 39072 39166 27 47 110
note 39072 39166 27 54 110
note 39168 39262 27 42 110
note 39168 39262 27 49 110
note 39264 39358 27 42 110
note 39264 39358 27 49 110
note 39360 39454 27 42 110
note 39360 39454 27 49 110
note 39456 39550 27 42 110
note 39456 39550 27 49 110
note 39552 39646 27 47 110
note 39552 39646 27 54 110
note 39648 39742 27 47 110
note 39648 39742 27 54 110
note 39744 39838 27 47 110
note 39744 39838 27 54 110
note 39840 39934 27 47 110
note 39840 39934 27 54 110
note 39936 40030 27 48 110
note 39936 40030 27 54 110
note 40032 40126 27 48 110
note 40032 40126 27 54 110
note 40128 40222 27 48 110
note 40128 40222 27 54 110
note 40224 40318 27 48 110
note 40224 40318 27 54 110
note 40320 40414 27 47 110
note 40320 40414 27 54 110
note 40416 40510 27 47 110
note 40416 40510 27 54 110
note 40512 40606 27 47 110
note 40512 40606 27 54 110
note 40608 40702 27 47 110
note 40608 40702 27 54 110
note 40704 40798 27 42 110
note 40704 40798 27 49 110
note 40800 40894 27 42 110
note 40800 40894 27 49 110
note 40896 40990 27 42 110
note 40896 40990 27 49 110
note 40992 41086 27 42 110
note 40992 41086 27 49 110
note 41088 41182 27 47 110
note 41088 41182 27 54 110
note 41184 41278 27 47 110
note 41184 41278 27 54 110
note 41280 41374 27 47 110
note 41280 41374 27 54 110
note 41376 41470 27 47 110
note 41376 41470 27 54 110
note 41472 41566 27 48 110
note 41472 41566 27 54 110
note 41568 41662 27 48 110
note 41568 41662 27 54 110
note 41664 41758 27 48 110
note 41664 41758 27 54 110
note 41760 41854 27 48 110
note 41760 41854 27 54 110
note 41856 41950 27 47 110
note 41856 41950 27 54 110
note 41952 42046 27 47 110
note 41952 42046 27 54 110
note 42048 42142 27 47 110
note 42048 42142 27 54 110
note 42144 42238 27 47 110
note 42144 42238 27 54 110
note 42240 42334 27 42 110
note 42240 42334 27 49 110
note 42336 42430 27 42 110
note 42336 42430 27 49 110
note 42432 42526 27 42 110
note 42432 42526 27 49 110
note 42528 42622 27 42 110
note 42528 42622 27 49 110
note 42624 42718 27 40 110
note 42624 42718 27 47 110
note 42720 42814 27 40 110
note 42720 42814 27 47 110
note 42816 42910 27 40 110
note 42816 42910 27 47 110
note 42912 43006 27 40 110
note 42912 43006 27 47 110
note 55104 55246 27 39 110
note 55248 55294 27 41 110
note 55296 55390 27 42 110
note 55296 55390 27 49 110
note 55392 55486 27 42 110
note 55392 55486 27 49 110
note 55488 55582 27 42 110
note 55488 55582 27 49 110
note 55584 55678 27 42 110
note 55584 55678 27 49 110
note 55680 55774 27 47 110
note 55680 55774 27 54 110
note 55776 55870 27 47 110
note 55776 55870 27 54 110
note 55872 55966 27 47 110
note 55872 55966 27 54 110
note 55968 56062 27 47 110
note 55968 56062 27 54 110
note 56064 56158 27 48 110
note 56064 56158 27 54 110
note 56160 56254 27 48 110
note 56160 56254 27 54 110
note 56256 56350 27 48 110
note 56256 56350 27 54 110
note 56352 56446 27 48 110
note 56352 56446 27 54 110
note 56448 56542 27 47 110
note 56448 56542 27 54 110
note 56544 56638 27 47 110
note 56544 56638 27 54 110
note 56640 56734 27 47 110
note 56640 56734 27 54 110
note 56736 56830 27 47 110
note 56736 56830 27 54 110
note 56832 56926 27 42 110
note 56832 56926 27 49 110
note 56928 57022 27 42 110
note 56928 57022 27 49 110
note 57024 57118 27 42 110
note 57024 57118 27 49 110
note 57120 57214 27 42 110
note 57120 57214 27 49 110
note 57216 57310 27 47 110
note 57216 57310 27 54 110
note 57312 57406 27 47 110
note 57312 57406 27 54 110
note 57408 57502 27 47 110
note 57408 57502 27 54 110
note 57504 57598 27 47 110
note 57504 57598 27 54 110
note 57600 57694 27 48 110
note 57600 57694 27 54 110
note 57696 57790 27 48 110
note 57696 57790 27 54 110
note 57792 57886 27 48 110
note 57792 57886 27 54 110
note 57888 57982 27 48 110
note 57888 57982 27 54 110
note 57984 58078 27 47 110
note 57984 58078 27 54 110
note 58080 58174 27 47 110
note 58080 58174 27 54 110
note 58176 58270 27 47 110
note 58176 58270 27 54 110
note 58272 58366 27 47 110
note 58272 58366 27 54 110
note 58368 58462 27 42 110
note 58368 58462 27 49 110
note 58464 58558 27 42 110
note 58464 58558 27 49 110
note 58560 58654 27 42 110
note 58560 58654 27 49 110
note 58656 58750 27 42 110
note 58656 58750 27 49 110
note 58752 58846 27 47 110
note 58752 58846 27 54 110
note 58848 58942 27 47 110
note 58848 58942 27 54 110
note 58944 59038 27 47 110
note 58944 59038 27 54 110
note 59040 59134 27 47 110
note 59040 59134 27 54 110
note 59136 59230 27 48 110
note 59136 59230 27 54 110
note 59232 59326 27 48 110
note 59232 59326 27 54 110
note 59328 59422 27 48 110
note 59328 59422 27 54 110
note 59424 59518 27 48 110
note 59424 59518 27 54 110
note 59520 59614 27 47 110
note 59520 59614 27 54 110
note 59616 59710 27 47 110
note 59616 59710 27 54 110
note 59712 59806 27 47 110
note 59712 59806 27 54 110
note 59808 59902 27 47 110
note 59808 59902 27 54 110
note 59904 59998 27 42 110
note 59904 59998 27 49 110
note 60000 60094 27 42 110
note 60000 60094 27 49 110
note 60096 60190 27 42 110
note 60096 60190 27 49 110
note 60192 60286 27 42 110
note 60192 60286 27 49 110
note 60288 60382 27 47 110
note 60288 60382 27 54 110
note 60384 60478 27 47 110
note 60384 60478 27 54 110
note 60480 60574 27 47 110
note 60480 60574 27 54 110
note 60576 60670 27 47 110
note 60576 60670 27 54 110
note 60672 60766 27 48 110
note 60672 60766 27 54 110
note 60768 60862 27 48 110
note 60768 60862 27 54 110
note 60864 60958 27 48 110
note 60864 60958 27 54 110
note 60960 61054 27 48 110
note 60960 61054 27 54 110
note 61056 61150 27 47 110
note 61056 61150 27 54 110
note 61152 61246 27 47 110
note 61152 61246 27 54 110
note 61248 61342 27 47 110
note 61248 61342 27 54 110
note 61344 61438 27 47 110
note 61344 61438 27 54 110
note 61440 61534 27 42 110
note 61440 61534 27 49 110
note 61536 61630 27 42 110
note 61536 61630 27 49 110
note 61632 61726 27 42 110
note 61632 61726 27 49 110
note 61728 61822 27 42 110
note 61728 61822 27 49 110
note 61824 61918 27 47 110
note 61824 61918 27 54 110
note 61920 62014 27 47 110
note 61920 62014 27 54 110
note 62016 62110 27 47 110
note 62016 62110 27 54 110
note 62112 62206 27 47 110
note 62112 62206 27 54 110
note 62208 62302 27 48 110
note 62208 62302 27 54 110
note 62304 62398 27 48 110
note 62304 62398 27 54 110
note 62400 62494 27 48 110
note 62400 62494 27 54 110
note 62496 62590 27 48 110
note 62496 62590 27 54 110
note 62592 62686 27 47 110
note 62592 62686 27 54 110
note 62688 62782 27 47 110
note 62688 62782 27 54 110
note 62784 62878 27 47 110
note 62784 62878 27 54 110
note 62880 62974 27 47 110
note 62880 62974 27 54 110
note 62976 63070 27 42 110
note 62976 63070 27 49 110
note 63072 63166 27 42 110
note 63072 63166 27 49 110
note 63168 63262 27 42 110
note 63168 63262 27 49 110
note 63264 63358 27 42 110
note 63264 63358 27 49 110
note 63360 63454 27 40 110
note 63360 63454 27 47 110
note 63456 63550 27 40 110
note 63456 63550 27 47 110
note 63552 63646 27 40 110
note 63552 63646 27 47 110
note 63648 63742 27 40 110
note 63648 63742 27 47 110
note 63744 64462 27 42 110
note 63744 64462 27 47 110
note 63744 64462 27 54 110
note 31488 31582 25 49 110
note 43008 43102 25 42 110
note 43104 43198 25 58 110
note 43200 43294 25 54 110
note 43296 43390 25 48 110
note 43392 43486 25 49 110
note 43488 43582 25 58 110
note 43584 43678 25 56 110
note 43680 43774 25 51 110
note 43680 43774 25 66 110
note 43776 43870 25 44 110
note 43872 43966 25 58 110
note 43968 44062 25 54 110
note 44064 44158 25 46 110
note 44160 44254 25 47 110
note 44256 44350 25 58 110
note 44352 44446 25 54 110
note 44448 44542 25 49 110
note 44448 44542 25 61 110
note 44544 44638 25 42 110
note 44640 44734 25 58 110
note 44736 44830 25 54 110
note 44832 44926 25 48 110
note 44928 45022 25 49 110
note 45024 45118 25 58 110
note 45120 45214 25 56 110
note 45216 45310 25 51 110
note 45216 45310 25 66 110
note 45312 45406 25 44 110
note 45408 45502 25 58 110
note 45504 45598 25 54 110
note 45600 45694 25 46 110
note 45696 45790 25 47 110
note 45792 45886 25 58 110
note 45888 45982 25 54 110
note 45984 46078 25 49 110
note 45984 46078 25 61 110
note 46080 46174 25 42 110
note 46176 46270 25 58 110
note 46272 46366 25 54 110
note 46368 46462 25 48 110
note 46464 46558 25 49 110
note 46560 46654 25 58 110
note 46656 46750 25 56 110
note 46752 46846 25 51 110
note 46752 46846 25 66 110
note 46848 46942 25 44 110
note 46944 47038 25 58 110
note 47040 47134 25 54 110
note 47136 47230 25 46 110
note 47232 47326 25 47 110
note 47328 47422 25 58 110
note 47424 47518 25 54 110
note 47520 47614 25 49 110
note 47520 47614 25 61 110
note 47616 47710 25 42 110
note 47712 47806 25 58 110
note 47808 47902 25 54 110
note 47904 47998 25 48 110
note 48000 48094 25 49 110
note 48096 48190 25 58 110
note 48192 48286 25 56 110
note 48288 48382 25 51 110
note 48288 48382 25 66 110
note 49152 49246 25 42 110
note 49248 49342 25 49 110
note 49344 49438 25 54 110
note 49440 49534 25 49 110
note 49536 49630 25 47 110
note 49632 49726 25 51 110
note 49728 49822 25 54 110
note 49824 49918 25 51 110
note 49920 50014 25 48 110
note 50016 50110 25 51 110
note 50112 50206 25 54 110
note 50208 50302 25 51 110
note 50304 50398 25 47 110
note 50400 50494 25 51 110
note 50496 50590 25 54 110
note 50592 50686 25 51 110
note 50688 50782 25 42 110
note 50784 50878 25 49 110
note 50880 50974 25 54 110
note 50976 51070 25 49 110
note 51072 51166 25 47 110
note 51168 51262 25 51 110
note 51264 51358 25 54 110
note 51360 51454 25 51 110
note 51456 51550 25 48 110
note 51552 51646 25 51 110
note 51648 51742 25 54 110
note 51744 51838 25 51 110
note 51840 51934 25 47 110
note 51936 52030 25 51 110
note 52032 52126 25 54 110
note 52128 52222 25 51 110
note 52224 52318 25 42 110
note 52320 52414 25 49 110
note 52416 52510 25 54 110
note 52512 52606 25 49 110
note 52608 52702 25 47 110
note 52704 52798 25 51 110
note 52800 52894 25 54 110
note 52896 52990 25 51 110
note 52992 53086 25 48 110
note 53088 53182 25 51 110
note 53184 53278 25 54 110
note 53280 53374 25 51 110
note 53376 53470 25 47 110
note 53472 53566 25 51 110
note 53568 53662 25 54 110
note 53664 53758 25 51 110
note 53760 53854 25 42 110
note 53856 53950 25 49 110
note 53952 54046 25 54 110
note 54048 54142 25 49 110
note 54144 54238 25 47 110
note 54240 54334 25 51 110
note 54336 54430 25 54 110
note 54432 54526 25 51 110
note 54528 54622 25 48 110
note 54624 54718 25 51 110
note 54720 54814 25 54 110
note 54816 54910 25 51 110
note 54912 55006 25 47 110
note 55008 55102 25 51 110
note 63744 64462 25 42 110
note 63744 64462 25 47 110
note 63744 64462 25 54 110
note 768 862 33 30 110
note 1056 1150 33 36 110
note 1152 1246 33 37 110
note 1440 1534 33 39 110
note 1536 1630 33 32 110
note 1824 1918 33 34 110
note 1920 2014 33 35 110
note 2208 2302 33 37 110
note 2304 2398 33 30 110
note 2592 2686 33 36 110
note 2688 2782 33 37 110
note 2976 3070 33 39 110
note 3072 3166 33 32 110
note 3360 3454 33 34 110
note 3456 3550 33 35 110
note 3744 3838 33 37 110
note 3840 3934 33 30 110
note 4128 4222 33 36 110
note 4224 4318 33 37 110
note 4512 4606 33 39 110
note 4608 4702 33 32 110
note 4896 4990 33 34 110
note 4992 5086 33 35 110
note 5280 5374 33 37 110
note 5376 5470 33 30 110
note 5664 5758 33 36 110
note 5760 5854 33 37 110
note 6048 6142 33 39 110
note 6144 6238 33 32 110
note 6432 6526 33 34 110
note 6528 6622 33 35 110
note 6816 6910 33 37 110
note 6912 7006 33 30 110
note 7200 7294 33 36 110
note 7296 7390 33 37 110
note 7584 7678 33 39 110
note 7680 7774 33 32 110
note 7968 8062 33 34 110
note 8064 8158 33 35 110
note 8352 8446 33 37 110
note 8448 8542 33 30 110
note 8736 8830 33 36 110
note 8832 8926 33 37 110
note 9120 9214 33 39 110
note 9216 9310 33 32 110
note 9504 9598 33 34 110
note 9600 9694 33 35 110
note 9888 9982 33 37 110
note 9984 10078 33 30 110
note 10272 10366 33 36 110
note 10368 10462 33 37 110
note 10656 10750 33 39 110
note 10752 10846 33 32 110
note 11040 11134 33 34 110
note 11136 11230 33 35 110
note 11424 11518 33 37 110
note 11520 11614 33 30 110
note 11808 11902 33 36 110
note 11904 11998 33 37 110
note 12192 12286 33 39 110
note 12288 12382 33 32 110
note 12576 12670 33 34 110
note 12672 12766 33 35 110
note 12864 13006 33 39 110
note 13008 13054 33 41 110
note 13056 13150 33 42 110
note 13152 13246 33 42 110
note 13248 13342 33 42 110
note 13344 13438 33 42 110
note 13440 13534 33 47 110
note 13536 13630 33 47 110
note 13632 13726 33 47 110
note 13728 13822 33 47 110
note 13824 13918 33 48 110
note 13920 14014 33 48 110
note 14016 14110 33 48 110
note 14112 14206 33 48 110
note 14208 14302 33 47 110
note 14304 14398 33 47 110
note 14400 14494 33 47 110
note 14496 14590 33 47 110
note 14592 14686 33 42 110
note 14688 14782 33 42 110
note 14784 14878 33 42 110
note 14880 14974 33 42 110
note 14976 15070 33 47 110
note 15072 15166 33 47 110
note 15168 15262 33 47 110
note 15264 15358 33 47 110
note 15360 15454 33 48 110
note 15456 15550 33 48 110
note 15552 15646 33 48 110
note 15648 15742 33 48 110
note 15744 15838 33 47 110
note 15840 15934 33 47 110
note 15936 16030 33 47 110
note 16032 16126 33 47 110
note 16128 16222 33 42 110
note 16224 16318 33 42 110
note 16320 16414 33 42 110
note 16416 16510 33 42 110
note 16512 16606 33 47 110
note 16608 16702 33 47 110
note 16704 16798 33 47 110
note 16800 16894 33 47 110
note 16896 16990 33 48 110
note 16992 17086 33 48 110
note 17088 17182 33 48 110
note 17184 17278 33 48 110
note 17280 17374 33 47 110
note 17376 17470 33 47 110
note 17472 17566 33 47 110
note 17568 17662 33 47 110
note 17664 17758 33 42 110
note 17760 17854 33 42 110
note 17856 17950 33 42 110
note 17952 18046 33 42 110
note 18048 18142 33 40 110
note 18144 18238 33 40 110
note 18240 18334 33 40 110
note 18336 18430 33 40 110
note 18432 19150 33 47 110
note 19200 19294 33 30 110
note 19488 19582 33 36 110
note 19584 19678 33 37 110
note 19872 19966 33 39 110
note 19968 20062 33 32 110
note 20256 20350 33 34 110
note 20352 20446 33 35 110
note 20640 20734 33 37 110
note 20736 20830 33 30 110
note 21024 21118 33 36 110
note 21120 21214 33 37 110
note 21408 21502 33 39 110
note 21504 21598 33 32 110
note 21792 21886 33 34 110
note 21888 21982 33 35 110
note 22176 22270 33 37 110
note 22272 22366 33 30 110
note 22560 22654 33 36 110
note 22656 22750 33 37 110
note 22944 23038 33 39 110
note 23040 23134 33 32 110
note 23328 23422 33 34 110
note 23424 23518 33 35 110
note 23712 23806 33 37 110
note 23808 23902 33 30 110
note 24096 24190 33 36 110
note 24192 24286 33 37 110
note 24480 24574 33 39 110
note 24576 24670 33 32 110
note 24864 24958 33 34 110
note 24960 25054 33 35 110
note 25152 25294 33 39 110
note 25296 25342 33 41 110
note 25344 25438 33 42 110
note 25440 25534 33 42 110
note 25536 25630 33 42 110
note 25632 25726 33 42 110
note 25728 25822 33 47 110
note 25824 25918 33 47 110
note 25920 26014 33 47 110
note 26016 26110 33 47 110
note 26112 26206 33 48 110
note 26208 26302 33 48 110
note 26304 26398 33 48 110
note 26400 26494 33 48 110
note 26496 26590 33 47 110
note 26592 26686 33 47 110
note 26688 26782 33 47 110
note 26784 26878 33 47 110
note 26880 26974 33 42 110
note 26976 27070 33 42 110
note 27072 27166 33 42 110
note 27168 27262 33 42 110
note 27264 27358 33 47 110
note 27360 27454 33 47 110
note 27456 27550 33 47 110
note 27552 27646 33 47 110
note 27648 27742 33 48 110
note 27744 27838 33 48 110
note 27840 27934 33 48 110
note 27936 28030 33 48 110
note 28032 28126 33 47 110
note 28128 28222 33 47 110
note 28224 28318 33 47 110
note 28320 28414 33 47 110
note 28416 28510 33 42 110
note 28512 28606 33 42 110
note 28608 28702 33 42 110
note 28704 28798 33 42 110
note 28800 28894 33 47 110
note 28896 28990 33 47 110
note 28992 29086 33 47 110
note 29088 29182 33 47 110
note 29184 29278 33 48 110
note 29280 29374 33 48 110
note 29376 29470 33 48 110
note 29472 29566 33 48 110
note 29568 29662 33 47 110
note 29664 29758 33 47 110
note 29760 29854 33 47 110
note 29856 29950 33 47 110
note 29952 30046 33 42 110
note 30048 30142 33 42 110
note 30144 30238 33 42 110
note 30240 30334 33 42 110
note 30336 30430 33 40 110
note 30432 30526 33 40 110
note 30528 30622 33 40 110
note 30624 30718 33 40 110
note 30720 31438 33 47 110
note 31488 31582 33 42 110
note 31872 31966 33 47 110
note 32160 32254 33 47 110
note 32256 32350 33 48 110
note 32640 32734 33 47 110
note 33024 33118 33 42 110
note 33408 33502 33 47 110
note 33696 33790 33 47 110
note 33792 33886 33 48 110
note 34176 34270 33 47 110
note 34560 34654 33 42 110
note 34944 35038 33 47 110
note 35232 35326 33 47 110
note 35328 35422 33 48 110
note 35712 35806 33 47 110
note 36096 36190 33 42 110
note 36480 36574 33 47 110
note 36768 36862 33 47 110
note 36864 36958 33 48 110
note 37248 37342 33 47 110
note 37440 37582 33 39 110
note 37584 37630 33 41 110
note 37632 37726 33 42 110
note 37728 37822 33 42 110
note 37824 37918 33 42 110
note 37920 38014 33 42 110
note 38016 38110 33 47 110
note 38112 38206 33 47 110
note 38208 38302 33 47 110
note 38304 38398 33 47 110
note 38400 38494 33 48 110
note 38496 38590 33 48 110
note 38592 38686 33 48 110
note 38688 38782 33 48 110
note 38784 38878 33 47 110
note 38880 38974 33 47 110
note 38976 39070 33 47 110
note 39072 39166 33 47 110
note 39168 39262 33 42 110
note 39264 39358 33 42 110
note 39360 39454 33 42 110
note 39456 39550 33 42 110
note 39552 39646 33 47 110
note 39648 39742 33 47 110
note 39744 39838 33 47 110
note 39840 39934 33 47 110
note 39936 40030 33 48 110
note 40032 40126 33 48 110
note 40128 40222 33 48 110
note 40224 40318 33 48 110
note 40320 40414 33 47 110
note 40416 40510 33 47 110
note 40512 40606 33 47 110
note 40608 40702 33 47 110
note 40704 40798 33 42 110
note 40800 40894 33 42 110
note 40896 40990 33 42 110
note 40992 41086 33 42 110
note 41088 41182 33 47 110
note 41184 41278 33 47 110
note 41280 41374 33 47 110
note 41376 41470 33 47 110
note 41472 41566 33 48 110
note 41568 41662 33 48 110
note 41664 41758 33 48 110
note 41760 41854 33 48 110
note 41856 41950 33 47 110
note 41952 42046 33 47 110
note 42048 42142 33 47 110
note 42144 42238 33 47 110
note 42240 42334 33 42 110
note 42336 42430 33 42 110
note 42432 42526 33 42 110
note 42528 42622 33 42 110
note 42624 42718 33 40 110
note 42720 42814 33 40 110
note 42816 42910 33 40 110
note 42912 43006 33 40 110
note 43008 43102 33 30 110
note 43296 43390 33 36 110
note 43392 43486 33 37 110
note 43680 43774 33 39 110
note 43776 43870 33 32 110
note 44064 44158 33 34 110
note 44160 44254 33 35 110
note 44448 44542 33 37 110
note 44544 44638 33 30 110
note 44832 44926 33 36 110
note 44928 45022 33 37 110
note 45216 45310 33 39 110
note 45312 45406 33 32 110
note 45600 45694 33 34 110
note 45696 45790 33 35 110
note 45984 46078 33 37 110
note 46080 46174 33 30 110
note 46368 46462 33 36 110
note 46464 46558 33 37 110
note 46752 46846 33 39 110
note 46848 46942 33 32 110
note 47136 47230 33 34 110
note 47232 47326 33 35 110
note 47520 47614 33 37 110
note 47616 47710 33 30 110
note 47904 47998 33 36 110
note 48000 48094 33 37 110
note 48288 48382 33 32 110
note 49152 49312 33 30 110
note 49536 49696 33 35 110
note 49920 50080 33 36 110
note 50304 50464 33 35 110
note 50688 50848 33 30 110
note 51072 51232 33 35 110
note 51456 51616 33 36 110
note 51840 52000 33 35 110
note 52224 52384 33 30 110
note 52608 52768 33 35 110
note 52992 53152 33 36 110
note 53376 53536 33 35 110
note 53760 53920 33 30 110
note 54144 54304 33 35 110
note 54528 54688 33 36 110
note 54912 55072 33 35 110
note 55104 55246 33 39 110
note 55248 55294 33 41 110
note 55296 55390 33 42 110
note 55392 55486 33 42 110
note 55488 55582 33 42 110
note 55584 55678 33 42 110
note 55680 55774 33 47 110
note 55776 55870 33 47 110
note 55872 55966 33 47 110
note 55968 56062 33 47 110
note 56064 56158 33 48 110
note 56160 56254 33 48 110
note 56256 56350 33 48 110
note 56352 56446 33 48 110
note 56448 56542 33 47 110
note 56544 56638 33 47 110
note 56640 56734 33 47 110
note 56736 56830 33 47 110
note 56832 56926 33 42 110
note 56928 57022 33 42 110
note 57024 57118 33 42 110
note 57120 57214 33 42 110
note 57216 57310 33 47 110
note 57312 57406 33 47 110
note 57408 57502 33 47 110
note 57504 57598 33 47 110
note 57600 57694 33 48 110
note 57696 57790 33 48 110
note 57792 57886 33 48 110
note 57888 57982 33 48 110
note 57984 58078 33 47 110
note 58080 58174 33 47 110
note 58176 58270 33 47 110
note 58272 58366 33 47 110
note 58368 58462 33 42 110
note 58464 58558 33 42 110
note 58560 58654 33 42 110
note 58656 58750 33 42 110
note 58752 58846 33 47 110
note 58848 58942 33 47 110
note 58944 59038 33 47 110
note 59040 59134 33 47 110
note 59136 59230 33 48 110
note 59232 59326 33 48 110
note 59328 59422 33 48 110
note 59424 59518 33 48 110
note 59520 59614 33 47 110
note 59616 59710 33 47 110
note 59712 59806 33 47 110
note 59808 59902 33 47 110
note 59904 59998 33 42 110
note 60000 60094 33 42 110
note 60096 60190 33 42 110
note 60192 60286 33 42 110
note 60288 60382 33 47 110
note 60384 60478 33 47 110
note 60480 60574 33 47 110
note 60576 60670 33 47 110
note 60672 60766 33 48 110
note 60768 60862 33 48 110
note 60864 60958 33 48 110
note 60960 61054 33 48 110
note 61056 61150 33 47 110
note 61152 61246 33 47 110
note 61248 61342 33 47 110
note 61344 61438 33 47 110
note 61440 61534 33 42 110
note 61536 61630 33 42 110
note 61632 61726 33 42 110
note 61728 61822 33 42 110
note 61824 61918 33 47 110
note 61920 62014 33 47 110
note 62016 62110 33 47 110
note 62112 62206 33 47 110
note 62208 62302 33 48 110
note 62304 62398 33 48 110
note 62400 62494 33 48 110
note 62496 62590 33 48 110
note 62592 62686 33 47 110
note 62688 62782 33 47 110
note 62784 62878 33 47 110
note 62880 62974 33 47 110
note 62976 63070 33 42 110
note 63072 63166 33 42 110
note 63168 63262 33 42 110
note 63264 63358 33 42 110
note 63360 63454 33 40 110
note 63456 63550 33 40 110
note 63552 63646 33 40 110
note 63648 63742 33 40 110
note 63744 64462 33 47 110
note 960 1006 30 61 110
note 960 1006 30 66 110
note 1248 1294 30 63 110
note 1248 1294 30 68 110
note 1344 1390 30 63 110
note 1344 1390 30 68 110
note 1728 1774 30 63 110
note 1728 1774 30 68 110
note 2016 2062 30 61 110
note 2016 2062 30 66 110
note 2208 2254 30 61 110
note 2208 2254 30 66 110
note 2496 2542 30 61 110
note 2496 2542 30 66 110
note 2784 2830 30 63 110
note 2784 2830 30 68 110
note 2880 2926 30 63 110
note 2880 2926 30 68 110
note 3264 3310 30 63 110
note 3264 3310 30 68 110
note 3552 3598 30 61 110
note 3552 3598 30 66 110
note 3744 3790 30 61 110
note 3744 3790 30 66 110
note 4032 4078 30 61 110
note 4032 4078 30 66 110
note 4320 4366 30 63 110
note 4320 4366 30 68 110
note 4416 4462 30 63 110
note 4416 4462 30 68 110
note 4800 4846 30 63 110
note 4800 4846 30 68 110
note 5088 5134 30 61 110
note 5088 5134 30 66 110
note 5280 5326 30 61 110
note 5280 5326 30 66 110
note 5568 5614 30 61 110
note 5568 5614 30 66 110
note 5856 5902 30 63 110
note 5856 5902 30 68 110
note 5952 5998 30 63 110
note 5952 5998 30 68 110
note 6336 6382 30 63 110
note 6336 6382 30 68 110
note 6624 6670 30 61 110
note 6624 6670 30 66 110
note 7104 7150 30 61 110
note 7104 7150 30 66 110
note 7392 7438 30 63 110
note 7392 7438 30 68 110
note 7488 7534 30 63 110
note 7488 7534 30 68 110
note 7872 7918 30 63 110
note 7872 7918 30 68 110
note 8160 8206 30 61 110
note 8160 8206 30 66 110
note 8352 8398 30 61 110
note 8352 8398 30 66 110
note 8640 8686 30 61 110
note 8640 8686 30 66 110
note 8928 8974 30 63 110
note 8928 8974 30 68 110
note 9024 9070 30 63 110
note 9024 9070 30 68 110
note 9408 9454 30 63 110
note 9408 9454 30 68 110
note 9696 9742 30 61 110
note 9696 9742 30 66 110
note 9888 9934 30 61 110
note 9888 9934 30 66 110
note 10176 10222 30 61 110
note 10176 10222 30 66 110
note 10464 10510 30 63 110
note 10464 10510 30 68 110
note 10560 10606 30 63 110
note 10560 10606 30 68 110
note 10944 10990 30 63 110
note 10944 10990 30 68 110
note 11232 11278 30 61 110
note 11232 11278 30 66 110
note 11424 11470 30 61 110
note 11424 11470 30 66 110
note 11712 11758 30 61 110
note 11712 11758 30 66 110
note 12000 12046 30 63 110
note 12000 12046 30 68 110
note 12096 12142 30 63 110
note 12096 12142 30 68 110
note 12480 12526 30 63 110
note 12480 12526 30 68 110
note 12768 12814 30 61 110
note 12768 12814 30 66 110
note 19392 19438 30 61 110
note 19392 19438 30 66 110
note 19680 19726 30 63 110
note 19680 19726 30 68 110
note 19776 19822 30 63 110
note 19776 19822 30 68 110
note 20160 20206 30 63 110
note 20160 20206 30 68 110
note 20448 20494 30 61 110
note 20448 20494 30 66 110
note 20640 20686 30 61 110
note 20640 20686 30 66 110
note 20928 20974 30 61 110
note 20928 20974 30 66 110
note 21216 21262 30 63 110
note 21216 21262 30 68 110
note 21312 21358 30 63 110
note 21312 21358 30 68 110
note 21696 21742 30 63 110
note 21696 21742 30 68 110
note 21984 22030 30 61 110
note 21984 22030 30 66 110
note 22176 22222 30 61 110
note 22176 22222 30 66 110
note 22464 22510 30 61 110
note 22464 22510 30 66 110
note 22752 22798 30 63 110
note 22752 22798 30 68 110
note 22848 22894 30 63 110
note 22848 22894 30 68 110
note 23232 23278 30 63 110
note 23232 23278 30 68 110
note 23520 23566 30 61 110
note 23520 23566 30 66 110
note 23712 23758 30 61 110
note 23712 23758 30 66 110
note 24000 24046 30 61 110
note 24000 24046 30 66 110
note 24288 24334 30 63 110
note 24288 24334 30 68 110
note 24384 24430 30 63 110
note 24384 24430 30 68 110
note 24768 24814 30 63 110
note 24768 24814 30 68 110
note 25056 25102 30 61 110
note 25056 25102 30 66 110
note 25248 25294 30 61 110
note 25248 25294 30 66 110
note 3648 3808 0 52 110
note 4032 4192 0 52 110
note 4416 4576 0 52 110
note 4800 4960 0 52 110
note 5184 5344 0 52 110
note 5568 5728 0 52 110
note 5952 6112 0 52 110
note 6336 6496 0 52 110
note 6720 6880 0 55 110
note 6912 7630 0 57 110
note 13056 13216 0 55 110
note 13632 13678 0 41 110
note 13680 13726 0 41 110
note 13728 13774 0 41 110
note 13776 13822 0 41 110
note 14400 14446 0 41 110
note 14448 14494 0 41 110
note 14496 14542 0 41 110
note 14544 14590 0 41 110
note 15168 15214 0 41 110
note 15216 15262 0 41 110
note 15264 15310 0 41 110
note 15312 15358 0 41 110
note 15936 15982 0 41 110
note 15984 16030 0 41 110
note 16032 16078 0 41 110
note 16080 16126 0 41 110
note 16128 16288 0 55 110
note 16704 16750 0 41 110
note 16752 16798 0 41 110
note 16800 16846 0 41 110
note 16848 16894 0 41 110
note 17472 17518 0 41 110
note 17520 17566 0 41 110
note 17568 17614 0 41 110
note 17616 17662 0 41 110
note 18432 18526 0 42 110
note 18528 18622 0 42 110
note 18624 18718 0 42 110
note 18720 18814 0 42 110
note 18816 18910 0 42 110
note 18912 19006 0 42 110
note 19008 19102 0 42 110
note 19104 19198 0 42 110
note 25344 25504 0 55 110
note 25920 25966 0 41 110
note 25968 26014 0 41 110
note 26016 26062 0 41 110
note 26064 26110 0 41 110
note 26688 26734 0 41 110
note 26736 26782 0 41 110
note 26784 26830 0 41 110
note 26832 26878 0 41 110
note 27456 27502 0 41 110
note 27504 27550 0 41 110
note 27552 27598 0 41 110
note 27600 27646 0 41 110
note 28224 28270 0 41 110
note 28272 28318 0 41 110
note 28320 28366 0 41 110
note 28368 28414 0 41 110
note 28416 28576 0 55 110
note 28992 29038 0 41 110
note 29040 29086 0 41 110
note 29088 29134 0 41 110
note 29136 29182 0 41 110
note 29760 29806 0 41 110
note 29808 29854 0 41 110
note 29856 29902 0 41 110
note 29904 29950 0 41 110
note 30720 30814 0 42 110
note 30816 30910 0 42 110
note 30912 31006 0 42 110
note 31008 31102 0 42 110
note 31104 31198 0 42 110
note 31392 31486 0 46 110
note 37632 37792 0 55 110
note 38208 38254 0 41 110
note 38256 38302 0 41 110
note 38304 38350 0 41 110
note 38352 38398 0 41 110
note 38976 39022 0 41 110
note 39024 39070 0 41 110
note 39072 39118 0 41 110
note 39120 39166 0 41 110
note 39744 39790 0 41 110
note 39792 39838 0 41 110
note 39840 39886 0 41 110
note 39888 39934 0 41 110
note 40512 40558 0 41 110
note 40560 40606 0 41 110
note 40608 40654 0 41 110
note 40656 40702 0 41 110
note 40704 40864 0 55 110
note 41280 41326 0 41 110
note 41328 41374 0 41 110
note 41376 41422 0 41 110
note 41424 41470 0 41 110
note 42048 42094 0 41 110
note 42096 42142 0 41 110
note 42144 42190 0 41 110
note 42192 42238 0 41 110
note 55296 55456 0 55 110
note 55872 55918 0 41 110
note 55920 55966 0 41 110
note 55968 56014 0 41 110
note 56016 56062 0 41 110
note 56640 56686 0 41 110
note 56688 56734 0 41 110
note 56736 56782 0 41 110
note 56784 56830 0 41 110
note 57408 57454 0 41 110
note 57456 57502 0 41 110
note 57504 57550 0 41 110
note 57552 57598 0 41 110
note 58176 58222 0 41 110
note 58224 58270 0 41 110
note 58272 58318 0 41 110
note 58320 58366 0 41 110
note 58368 58528 0 55 110
note 58944 58990 0 41 110
note 58992 59038 0 41 110
note 59040 59086 0 41 110
note 59088 59134 0 41 110
note 59712 59758 0 41 110
note 59760 59806 0 41 110
note 59808 59854 0 41 110
note 59856 59902 0 41 110
note 60480 60526 0 41 110
note 60528 60574 0 41 110
note 60576 60622 0 41 110
note 60624 60670 0 41 110
note 61248 61294 0 41 110
note 61296 61342 0 41 110
note 61344 61390 0 41 110
note 61392 61438 0 41 110
note 61440 61600 0 55 110
note 62016 62062 0 41 110
note 62064 62110 0 41 110
note 62112 62158 0 41 110
note 62160 62206 0 41 110
note 62784 62830 0 41 110
note 62832 62878 0 41 110
note 62880 62926 0 41 110
note 62928 62974 0 41 110
note 63552 63646 0 41 110
note 63648 63742 0 41 110
note 6144 6286 0 35 110
note 6288 6334 0 35 110
note 6336 6478 0 35 110
note 6480 6526 0 35 110
note 6528 6670 0 35 110
note 6672 6718 0 35 110
note 6720 6814 0 38 110
note 6816 6862 0 38 110
note 6864 6910 0 38 110
note 6912 7006 0 36 110
note 6912 7006 0 42 110
note 7008 7102 0 42 110
note 7104 7198 0 38 110
note 7104 7198 0 42 110
note 7200 7294 0 42 110
note 7296 7390 0 36 110
note 7296 7390 0 42 110
note 7392 7486 0 36 110
note 7392 7486 0 42 110
note 7488 7582 0 38 110
note 7488 7582 0 42 110
note 7584 7678 0 42 110
note 7680 7774 0 36 110
note 7680 7774 0 42 110
note 7776 7870 0 42 110
note 7872 7966 0 38 110
note 7872 7966 0 42 110
note 7968 8062 0 42 110
note 8064 8158 0 36 110
note 8064 8158 0 42 110
note 8160 8254 0 36 110
note 8160 8254 0 42 110
note 8256 8350 0 38 110
note 8256 8350 0 42 110
note 8352 8446 0 42 110
note 8448 8542 0 36 110
note 8448 8542 0 42 110
note 8544 8638 0 42 110
note 8640 8734 0 38 110
note 8640 8734 0 42 110
note 8736 8830 0 42 110
note 8832 8926 0 36 110
note 8832 8926 0 42 110
note 8928 9022 0 36 110
note 8928 9022 0 42 110
note 9024 9118 0 38 110
note 9024 9118 0 42 110
note 9120 9214 0 42 110
note 9216 9310 0 36 110
note 9216 9310 0 42 110
note 9312 9406 0 42 110
note 9408 9502 0 38 110
note 9408 9502 0 42 110
note 9504 9598 0 42 110
note 9600 9694 0 36 110
note 9600 9694 0 42 110
note 9696 9790 0 36 110
note 9696 9790 0 42 110
note 9792 9886 0 38 110
note 9792 9886 0 42 110
note 9888 9982 0 42 110
note 9984 10078 0 36 110
note 9984 10078 0 42 110
note 10080 10174 0 42 110
note 10176 10270 0 38 110
note 10176 10270 0 42 110
note 10272 10366 0 42 110
note 10368 10462 0 36 110
note 10368 10462 0 42 110
note 10464 10558 0 36 110
note 10464 10558 0 42 110
note 10560 10654 0 38 110
note 10560 10654 0 42 110
note 10656 10750 0 42 110
note 10752 10846 0 36 110
note 10752 10846 0 42 110
note 10848 10942 0 42 110
note 10944 11038 0 38 110
note 10944 11038 0 42 110
note 11040 11134 0 42 110
note 11136 11230 0 36 110
note 11136 11230 0 42 110
note 11232 11326 0 36 110
note 11232 11326 0 42 110
note 11328 11422 0 38 110
note 11328 11422 0 42 110
note 11424 11518 0 42 110
note 11520 11614 0 36 110
note 11520 11614 0 42 110
note 11616 11710 0 42 110
note 11712 11806 0 38 110
note 11712 11806 0 42 110
note 11808 11902 0 42 110
note 11904 11998 0 36 110
note 11904 11998 0 42 110
note 12000 12094 0 36 110
note 12000 12094 0 42 110
note 12096 12190 0 38 110
note 12096 12190 0 42 110
note 12192 12286 0 42 110
note 12288 12382 0 36 110
note 12288 12382 0 42 110
note 12384 12478 0 42 110
note 12480 12574 0 38 110
note 12480 12574 0 42 110
note 12576 12670 0 42 110
note 12672 12766 0 36 110
note 12672 12766 0 42 110
note 12768 12862 0 36 110
note 12768 12862 0 42 110
note 12864 12886 0 38 110
note 12888 12910 0 38 110
note 12912 12934 0 38 110
note 12936 12958 0 38 110
note 12960 12982 0 38 110
note 12984 13006 0 38 110
note 13008 13030 0 38 110
note 13032 13054 0 38 110
note 13056 13150 0 36 110
note 13056 13150 0 46 110
note 13152 13246 0 46 110
note 13248 13342 0 38 110
note 13248 13342 0 46 110
note 13344 13438 0 46 110
note 13440 13534 0 36 110
note 13440 13534 0 46 110
note 13536 13630 0 36 110
note 13536 13630 0 46 110
note 13632 13726 0 38 110
note 13632 13726 0 46 110
note 13728 13822 0 46 110
note 13824 13918 0 36 110
note 13824 13918 0 46 110
note 13920 14014 0 46 110
note 14016 14110 0 38 110
note 14016 14110 0 46 110
note 14112 14206 0 46 110
note 14208 14302 0 36 110
note 14208 14302 0 46 110
note 14304 14398 0 36 110
note 14304 14398 0 46 110
note 14400 14494 0 38 110
note 14400 14494 0 46 110
note 14496 14590 0 46 110
note 14592 14686 0 36 110
note 14592 14686 0 46 110
note 14688 14782 0 46 110
note 14784 14878 0 38 110
note 14784 14878 0 46 110
note 14880 14974 0 46 110
note 14976 15070 0 36 110
note 14976 15070 0 46 110
note 15072 15166 0 36 110
note 15072 15166 0 46 110
note 15168 15262 0 38 110
note 15168 15262 0 46 110
note 15264 15358 0 46 110
note 15360 15454 0 36 110
note 15360 15454 0 46 110
note 15456 15550 0 46 110
note 15552 15646 0 38 110
note 15552 15646 0 46 110
note 15648 15742 0 46 110
note 15744 15838 0 36 110
note 15744 15838 0 46 110
note 15840 15934 0 36 110
note 15840 15934 0 46 110
note 15936 16030 0 38 110
note 15936 16030 0 46 110
note 16032 16126 0 46 110
note 16128 16222 0 36 110
note 16128 16222 0 46 110
note 16224 16318 0 46 110
note 16320 16414 0 38 110
note 16320 16414 0 46 110
note 16416 16510 0 46 110
note 16512 16606 0 36 110
note 16512 16606 0 46 110
note 16608 16702 0 36 110
note 16608 16702 0 46 110
note 16704 16798 0 38 110
note 16704 16798 0 46 110
note 16800 16894 0 46 110
note 16896 16990 0 36 110
note 16896 16990 0 46 110
note 16992 17086 0 46 110
note 17088 17182 0 38 110
note 17088 17182 0 46 110
note 17184 17278 0 46 110
note 17280 17374 0 36 110
note 17280 17374 0 46 110
note 17376 17470 0 36 110
note 17376 17470 0 46 110
note 17472 17566 0 38 110
note 17472 17566 0 46 110
note 17568 17662 0 46 110
note 17664 17758 0 36 110
note 17664 17758 0 46 110
note 17760 17854 0 46 110
note 17856 17950 0 38 110
note 17856 17950 0 46 110
note 17952 18046 0 46 110
note 18048 18142 0 36 110
note 18048 18142 0 46 110
note 18144 18238 0 36 110
note 18144 18238 0 46 110
note 18240 18334 0 38 110
note 18240 18334 0 46 110
note 18336 18430 0 46 110
note 18432 18574 0 35 110
note 18576 18622 0 35 110
note 18624 18766 0 35 110
note 18768 18814 0 35 110
note 18816 18958 0 35 110
note 18960 19006 0 35 110
note 19008 19102 0 35 110
note 19104 19198 0 35 110
note 19200 19294 0 36 110
note 19200 19294 0 42 110
note 19296 19390 0 42 110
note 19392 19486 0 38 110
note 19392 19486 0 42 110
note 19488 19582 0 42 110
note 19584 19678 0 36 110
note 19584 19678 0 42 110
note 19680 19774 0 36 110
note 19680 19774 0 42 110
note 19776 19870 0 38 110
note 19776 19870 0 42 110
note 19872 19966 0 42 110
note 19968 20062 0 36 110
note 19968 20062 0 42 110
note 20064 20158 0 42 110
note 20160 20254 0 38 110
note 20160 20254 0 42 110
note 20256 20350 0 42 110
note 20352 20446 0 36 110
note 20352 20446 0 42 110
note 20448 20542 0 36 110
note 20448 20542 0 42 110
note 20544 20638 0 38 110
note 20544 20638 0 42 110
note 20640 20734 0 42 110
note 20736 20830 0 36 110
note 20736 20830 0 42 110
note 20832 20926 0 42 110
note 20928 21022 0 38 110
note 20928 21022 0 42 110
note 21024 21118 0 42 110
note 21120 21214 0 36 110
note 21120 21214 0 42 110
note 21216 21310 0 36 110
note 21216 21310 0 42 110
note 21312 21406 0 38 110
note 21312 21406 0 42 110
note 21408 21502 0 42 110
note 21504 21598 0 36 110
note 21504 21598 0 42 110
note 21600 21694 0 42 110
note 21696 21790 0 38 110
note 21696 21790 0 42 110
note 21792 21886 0 42 110
note 21888 21982 0 36 110
note 21888 21982 0 42 110
note 21984 22078 0 36 110
note 21984 22078 0 42 110
note 22080 22174 0 38 110
note 22080 22174 0 42 110
note 22176 22270 0 42 110
note 22272 22366 0 36 110
note 22272 22366 0 42 110
note 22368 22462 0 42 110
note 22464 22558 0 38 110
note 22464 22558 0 42 110
note 22560 22654 0 42 110
note 22656 22750 0 36 110
note 22656 22750 0 42 110
note 22752 22846 0 36 110
note 22752 22846 0 42 110
note 22848 22942 0 38 110
note 22848 22942 0 42 110
note 22944 23038 0 42 110
note 23040 23134 0 36 110
note 23040 23134 0 42 110
note 23136 23230 0 42 110
note 23232 23326 0 38 110
note 23232 23326 0 42 110
note 23328 23422 0 42 110
note 23424 23518 0 36 110
note 23424 23518 0 42 110
note 23520 23614 0 36 110
note 23520 23614 0 42 110
note 23616 23710 0 38 110
note 23616 23710 0 42 110
note 23712 23806 0 42 110
note 23808 23902 0 36 110
note 23808 23902 0 42 110
note 23904 23998 0 42 110
note 24000 24094 0 38 110
note 24000 24094 0 42 110
note 24096 24190 0 42 110
note 24192 24286 0 36 110
note 24192 24286 0 42 110
note 24288 24382 0 36 110
note 24288 24382 0 42 110
note 24384 24478 0 38 110
note 24384 24478 0 42 110
note 24480 24574 0 42 110
note 24576 24670 0 36 110
note 24576 24670 0 42 110
note 24672 24766 0 42 110
note 24768 24862 0 38 110
note 24768 24862 0 42 110
note 24864 24958 0 42 110
note 24960 25054 0 36 110
note 24960 25054 0 42 110
note 25056 25150 0 36 110
note 25056 25150 0 42 110
note 25152 25174 0 38 110
note 25176 25198 0 38 110
note 25200 25222 0 38 110
note 25224 25246 0 38 110
note 25248 25270 0 38 110
note 25272 25294 0 38 110
note 25296 25318 0 38 110
note 25320 25342 0 38 110
note 25344 25438 0 36 110
note 25344 25438 0 46 110
note 25440 25534 0 46 110
note 25536 25630 0 38 110
note 25536 25630 0 46 110
note 25632 25726 0 46 110
note 25728 25822 0 36 110
note 25728 25822 0 46 110
note 25824 25918 0 36 110
note 25824 25918 0 46 110
note 25920 26014 0 38 110
note 25920 26014 0 46 110
note 26016 26110 0 46 110
note 26112 26206 0 36 110
note 26112 26206 0 46 110
note 26208 26302 0 46 110
note 26304 26398 0 38 110
note 26304 26398 0 46 110
note 26400 26494 0 46 110
note 26496 26590 0 36 110
note 26496 26590 0 46 110
note 26592 26686 0 36 110
note 26592 26686 0 46 110
note 26688 26782 0 38 110
note 26688 26782 0 46 110
note 26784 26878 0 46 110
note 26880 26974 0 36 110
note 26880 26974 0 46 110
note 26976 27070 0 46 110
note 27072 27166 0 38 110
note 27072 27166 0 46 110
note 27168 27262 0 46 110
note 27264 27358 0 36 110
note 27264 27358 0 46 110
note 27360 27454 0 36 110
note 27360 27454 0 46 110
note 27456 27550 0 38 110
note 27456 27550 0 46 110
note 27552 27646 0 46 110
note 27648 27742 0 36 110
note 27648 27742 0 46 110
note 27744 27838 0 46 110
note 27840 27934 0 38 110
note 27840 27934 0 46 110
note 27936 28030 0 46 110
note 28032 28126 0 36 110
note 28032 28126 0 46 110
note 28128 28222 0 36 110
note 28128 28222 0 46 110
note 28224 28318 0 38 110
note 28224 28318 0 46 110
note 28320 28414 0 46 110
note 28416 28510 0 36 110
note 28416 28510 0 46 110
note 28512 28606 0 46 110
note 28608 28702 0 38 110
note 28608 28702 0 46 110
note 28704 28798 0 46 110
note 28800 28894 0 36 110
note 28800 28894 0 46 110
note 28896 28990 0 36 110
note 28896 28990 0 46 110
note 28992 29086 0 38 110
note 28992 29086 0 46 110
note 29088 29182 0 46 110
note 29184 29278 0 36 110
note 29184 29278 0 46 110
note 29280 29374 0 46 110
note 29376 29470 0 38 110
note 29376 29470 0 46 110
note 29472 29566 0 46 110
note 29568 29662 0 36 110
note 29568 29662 0 46 110
note 29664 29758 0 36 110
note 29664 29758 0 46 110
note 29760 29854 0 38 110
note 29760 29854 0 46 110
note 29856 29950 0 46 110
note 29952 30046 0 36 110
note 29952 30046 0 46 110
note 30048 30142 0 46 110
note 30144 30238 0 38 110
note 30144 30238 0 46 110
note 30240 30334 0 46 110
note 30336 30430 0 36 110
note 30336 30430 0 46 110
note 30432 30526 0 36 110
note 30432 30526 0 46 110
note 30528 30622 0 38 110
note 30528 30622 0 46 110
note 30624 30718 0 46 110
note 30720 30862 0 35 110
note 30864 30910 0 35 110
note 30912 31054 0 35 110
note 31056 31102 0 35 110
note 31104 31198 0 35 110
note 31200 31294 0 38 110
note 31296 31342 0 38 110
note 31344 31390 0 38 110
note 33024 33118 0 35 110
note 33024 33118 0 42 110
note 33120 33214 0 42 110
note 33216 33262 0 38 110
note 33216 33262 0 42 110
note 33312 33358 0 42 110
note 33360 33406 0 35 110
note 33408 33502 0 35 110
note 33408 33502 0 42 110
note 33504 33598 0 35 110
note 33504 33598 0 42 110
note 33600 33646 0 38 110
note 33600 33646 0 42 110
note 33696 33742 0 42 110
note 33744 33790 0 35 110
note 33792 33886 0 35 110
note 33792 33886 0 42 110
note 33888 33982 0 42 110
note 33984 34030 0 38 110
note 33984 34030 0 42 110
note 34080 34126 0 42 110
note 34128 34174 0 35 110
note 34176 34270 0 35 110
note 34176 34270 0 42 110
note 34272 34366 0 35 110
note 34272 34366 0 42 110
note 34368 34414 0 38 110
note 34368 34414 0 42 110
note 34464 34510 0 42 110
note 34512 34558 0 35 110
note 34560 34654 0 35 110
note 34560 34654 0 42 110
note 34656 34750 0 42 110
note 34752 34798 0 38 110
note 34752 34798 0 42 110
note 34848 34894 0 42 110
note 34896 34942 0 35 110
note 34944 35038 0 35 110
note 34944 35038 0 42 110
note 35040 35134 0 35 110
note 35040 35134 0 42 110
note 35136 35182 0 38 110
note 35136 35182 0 42 110
note 35232 35278 0 42 110
note 35280 35326 0 35 110
note 35328 35422 0 35 110
note 35328 35422 0 42 110
note 35424 35518 0 42 110
note 35520 35566 0 38 110
note 35520 35566 0 42 110
note 35616 35662 0 42 110
note 35664 35710 0 35 110
note 35712 35806 0 35 110
note 35712 35806 0 42 110
note 35808 35902 0 35 110
note 35808 35902 0 42 110
note 35904 35950 0 38 110
note 35904 35950 0 42 110
note 36000 36046 0 42 110
note 36048 36094 0 35 110
note 36096 36190 0 35 110
note 36096 36190 0 42 110
note 36192 36286 0 42 110
note 36288 36334 0 38 110
note 36288 36334 0 42 110
note 36384 36430 0 42 110
note 36432 36478 0 35 110
note 36480 36574 0 35 110
note 36480 36574 0 42 110
note 36576 36670 0 35 110
note 36576 36670 0 42 110
note 36672 36718 0 38 110
note 36672 36718 0 42 110
note 36768 36814 0 42 110
note 36816 36862 0 35 110
note 36864 36958 0 35 110
note 36864 36958 0 42 110
note 36960 37054 0 42 110
note 37056 37102 0 38 110
note 37056 37102 0 42 110
note 37152 37198 0 42 110
note 37200 37246 0 35 110
note 37248 37294 0 38 110
note 37296 37342 0 38 110
note 37344 37390 0 38 110
note 37392 37438 0 38 110
note 37440 37486 0 35 110
note 37488 37534 0 35 110
note 37536 37582 0 35 110
note 37584 37630 0 35 110
note 37632 37726 0 36 110
note 37632 37726 0 46 110
note 37728 37822 0 46 110
note 37824 37918 0 38 110
note 37824 37918 0 46 110
note 37920 38014 0 46 110
note 38016 38110 0 36 110
note 38016 38110 0 46 110
note 38112 38206 0 36 110
note 38112 38206 0 46 110
note 38208 38302 0 38 110
note 38208 38302 0 46 110
note 38304 38398 0 46 110
note 38400 38494 0 36 110
note 38400 38494 0 46 110
note 38496 38590 0 46 110
note 38592 38686 0 38 110
note 38592 38686 0 46 110
note 38688 38782 0 46 110
note 38784 38878 0 36 110
note 38784 38878 0 46 110
note 38880 38974 0 36 110
note 38880 38974 0 46 110
note 38976 39070 0 38 110
note 38976 39070 0 46 110
note 39072 39166 0 46 110
note 39168 39262 0 36 110
note 39168 39262 0 46 110
note 39264 39358 0 46 110
note 39360 39454 0 38 110
note 39360 39454 0 46 110
note 39456 39550 0 46 110
note 39552 39646 0 36 110
note 39552 39646 0 46 110
note 39648 39742 0 36 110
note 39648 39742 0 46 110
note 39744 39838 0 38 110
note 39744 39838 0 46 110
note 39840 39934 0 46 110
note 39936 40030 0 36 110
note 39936 40030 0 46 110
note 40032 40126 0 46 110
note 40128 40222 0 38 110
note 40128 40222 0 46 110
note 40224 40318 0 46 110
note 40320 40414 0 36 110
note 40320 40414 0 46 110
note 40416 40510 0 36 110
note 40416 40510 0 46 110
note 40512 40606 0 38 110
note 40512 40606 0 46 110
note 40608 40702 0 46 110
note 40704 40798 0 36 110
note 40704 40798 0 46 110
note 40800 40894 0 46 110
note 40896 40990 0 38 110
note 40896 40990 0 46 110
note 40992 41086 0 46 110
note 41088 41182 0 36 110
note 41088 41182 0 46 110
note 41184 41278 0 36 110
note 41184 41278 0 46 110
note 41280 41374 0 38 110
note 41280 41374 0 46 110
note 41376 41470 0 46 110
note 41472 41566 0 36 110
note 41472 41566 0 46 110
note 41568 41662 0 46 110
note 41664 41758 0 38 110
note 41664 41758 0 46 110
note 41760 41854 0 46 110
note 41856 41950 0 36 110
note 41856 41950 0 46 110
note 41952 42046 0 36 110
note 41952 42046 0 46 110
note 42048 42142 0 38 110
note 42048 42142 0 46 110
note 42144 42238 0 46 110
note 42240 42334 0 36 110
note 42240 42334 0 46 110
note 42336 42430 0 46 110
note 42432 42526 0 38 110
note 42432 42526 0 46 110
note 42528 42622 0 46 110
note 42624 42718 0 36 110
note 42624 42718 0 46 110
note 42720 42814 0 36 110
note 42720 42814 0 46 110
note 42816 42910 0 38 110
note 42816 42910 0 46 110
note 42912 43006 0 46 110
note 43008 43102 0 35 110
note 43008 43102 0 42 110
note 43104 43198 0 42 110
note 43200 43246 0 38 110
note 43200 43246 0 42 110
note 43296 43342 0 42 110
note 43344 43390 0 35 110
note 43392 43486 0 35 110
note 43392 43486 0 42 110
note 43488 43582 0 35 110
note 43488 43582 0 42 110
note 43584 43630 0 38 110
note 43584 43630 0 42 110
note 43680 43726 0 42 110
note 43728 43774 0 35 110
note 43776 43870 0 35 110
note 43776 43870 0 42 110
note 43872 43966 0 42 110
note 43968 44014 0 38 110
note 43968 44014 0 42 110
note 44064 44110 0 42 110
note 44112 44158 0 35 110
note 44160 44254 0 35 110
note 44160 44254 0 42 110
note 44256 44350 0 35 110
note 44256 44350 0 42 110
note 44352 44398 0 38 110
note 44352 44398 0 42 110
note 44448 44494 0 42 110
note 44496 44542 0 35 110
note 44544 44638 0 35 110
note 44544 44638 0 42 110
note 44640 44734 0 42 110
note 44736 44782 0 38 110
note 44736 44782 0 42 110
note 44832 44878 0 42 110
note 44880 44926 0 35 110
note 44928 45022 0 35 110
note 44928 45022 0 42 110
note 45024 45118 0 35 110
note 45024 45118 0 42 110
note 45120 45166 0 38 110
note 45120 45166 0 42 110
note 45216 45262 0 42 110
note 45264 45310 0 35 110
note 45312 45406 0 35 110
note 45312 45406 0 42 110
note 45408 45502 0 42 110
note 45504 45550 0 38 110
note 45504 45550 0 42 110
note 45600 45646 0 42 110
note 45648 45694 0 35 110
note 45696 45790 0 35 110
note 45696 45790 0 42 110
note 45792 45886 0 35 110
note 45792 45886 0 42 110
note 45888 45934 0 38 110
note 45888 45934 0 42 110
note 45984 46030 0 42 110
note 46032 46078 0 35 110
note 46080 46174 0 35 110
note 46080 46174 0 42 110
note 46176 46270 0 42 110
note 46272 46318 0 38 110
note 46272 46318 0 42 110
note 46368 46414 0 42 110
note 46416 46462 0 35 110
note 46464 46558 0 35 110
note 46464 46558 0 42 110
note 46560 46654 0 35 110
note 46560 46654 0 42 110
note 46656 46702 0 38 110
note 46656 46702 0 42 110
note 46752 46798 0 42 110
note 46800 46846 0 35 110
note 46848 46942 0 35 110
note 46848 46942 0 42 110
note 46944 47038 0 42 110
note 47040 47086 0 38 110
note 47040 47086 0 42 110
note 47136 47182 0 42 110
note 47184 47230 0 35 110
note 47232 47326 0 35 110
note 47232 47326 0 42 110
note 47328 47422 0 35 110
note 47328 47422 0 42 110
note 47424 47470 0 38 110
note 47424 47470 0 42 110
note 47520 47566 0 42 110
note 47568 47614 0 35 110
note 47616 47710 0 35 110
note 47616 47710 0 42 110
note 47712 47806 0 42 110
note 47808 47854 0 38 110
note 47808 47854 0 42 110
note 47904 47950 0 42 110
note 47952 47998 0 35 110
note 48000 48094 0 35 110
note 48000 48094 0 42 110
note 48096 48190 0 35 110
note 48096 48190 0 42 110
note 48192 48238 0 38 110
note 48192 48238 0 42 110
note 48288 48382 0 46 110
note 48384 48526 0 35 110
note 48528 48574 0 35 110
note 48576 48718 0 35 110
note 48720 48766 0 35 110
note 48768 48910 0 35 110
note 48912 48958 0 35 110
note 48960 49006 0 35 110
note 49008 49054 0 35 110
note 49104 49150 0 35 110
note 49152 49246 0 35 110
note 49152 49246 0 42 110
note 49248 49342 0 42 110
note 49344 49390 0 38 110
note 49344 49390 0 42 110
note 49440 49486 0 42 110
note 49488 49534 0 35 110
note 49536 49630 0 35 110
note 49536 49630 0 42 110
note 49632 49726 0 35 110
note 49632 49726 0 42 110
note 49728 49774 0 38 110
note 49728 49774 0 42 110
note 49824 49870 0 42 110
note 49872 49918 0 35 110
note 49920 50014 0 35 110
note 49920 50014 0 42 110
note 50016 50110 0 42 110
note 50112 50158 0 38 110
note 50112 50158 0 42 110
note 50208 50254 0 42 110
note 50256 50302 0 35 110
note 50304 50398 0 35 110
note 50304 50398 0 42 110
note 50400 50494 0 35 110
note 50400 50494 0 42 110
note 50496 50542 0 38 110
note 50496 50542 0 42 110
note 50592 50638 0 42 110
note 50640 50686 0 35 110
note 50688 50782 0 35 110
note 50688 50782 0 42 110
note 50784 50878 0 42 110
note 50880 50926 0 38 110
note 50880 50926 0 42 110
note 50976 51022 0 42 110
note 51024 51070 0 35 110
note 51072 51166 0 35 110
note 51072 51166 0 42 110
note 51168 51262 0 35 110
note 51168 51262 0 42 110
note 51264 51310 0 38 110
note 51264 51310 0 42 110
note 51360 51406 0 42 110
note 51408 51454 0 35 110
note 51456 51550 0 35 110
note 51456 51550 0 42 110
note 51552 51646 0 42 110
note 51648 51694 0 38 110
note 51648 51694 0 42 110
note 51744 51790 0 42 110
note 51792 51838 0 35 110
note 51840 51934 0 35 110
note 51840 51934 0 42 110
note 51936 52030 0 35 110
note 51936 52030 0 42 110
note 52032 52078 0 38 110
note 52032 52078 0 42 110
note 52128 52174 0 42 110
note 52176 52222 0 35 110
note 52224 52318 0 35 110
note 52224 52318 0 42 110
note 52320 52414 0 42 110
note 52416 52462 0 38 110
note 52416 52462 0 42 110
note 52512 52558 0 42 110
note 52560 52606 0 35 110
note 52608 52702 0 35 110
note 52608 52702 0 42 110
note 52704 52798 0 35 110
note 52704 52798 0 42 110
note 52800 52846 0 38 110
note 52800 52846 0 42 110
note 52896 52990 0 46 110
note 52992 53086 0 35 110
note 52992 53086 0 42 110
note 53088 53182 0 42 110
note 53184 53230 0 38 110
note 53184 53230 0 42 110
note 53280 53326 0 42 110
note 53328 53374 0 35 110
note 53376 53470 0 35 110
note 53376 53470 0 42 110
note 53472 53566 0 35 110
note 53472 53566 0 42 110
note 53568 53614 0 38 110
note 53568 53614 0 42 110
note 53664 53710 0 42 110
note 53712 53758 0 35 110
note 53760 53854 0 35 110
note 53760 53854 0 42 110
note 53856 53950 0 42 110
note 53952 53998 0 38 110
note 53952 53998 0 42 110
note 54048 54094 0 42 110
note 54096 54142 0 35 110
note 54144 54238 0 35 110
note 54144 54238 0 42 110
note 54240 54334 0 35 110
note 54240 54334 0 42 110
note 54336 54382 0 38 110
note 54336 54382 0 42 110
note 54432 54478 0 42 110
note 54480 54526 0 35 110
note 54528 54622 0 35 110
note 54528 54622 0 42 110
note 54624 54718 0 42 110
note 54720 54766 0 38 110
note 54720 54766 0 42 110
note 54816 54862 0 42 110
note 54864 54910 0 35 110
note 54912 55006 0 35 110
note 54912 55006 0 42 110
note 55008 55102 0 35 110
note 55008 55102 0 42 110
note 55104 55150 0 38 110
note 55152 55198 0 38 110
note 55200 55246 0 38 110
note 55248 55294 0 38 110
note 55296 55390 0 36 110
note 55296 55390 0 46 110
note 55392 55486 0 46 110
note 55488 55582 0 38 110
note 55488 55582 0 46 110
note 55584 55678 0 46 110
note 55680 55774 0 36 110
note 55680 55774 0 46 110
note 55776 55870 0 36 110
note 55776 55870 0 46 110
note 55872 55966 0 38 110
note 55872 55966 0 46 110
note 55968 56062 0 46 110
note 56064 56158 0 36 110
note 56064 56158 0 46 110
note 56160 56254 0 46 110
note 56256 56350 0 38 110
note 56256 56350 0 46 110
note 56352 56446 0 46 110
note 56448 56542 0 36 110
note 56448 56542 0 46 110
note 56544 56638 0 36 110
note 56544 56638 0 46 110
note 56640 56734 0 38 110
note 56640 56734 0 46 110
note 56736 56830 0 46 110
note 56832 56926 0 36 110
note 56832 56926 0 46 110
note 56928 57022 0 46 110
note 57024 57118 0 38 110
note 57024 57118 0 46 110
note 57120 57214 0 46 110
note 57216 57310 0 36 110
note 57216 57310 0 46 110
note 57312 57406 0 36 110
note 57312 57406 0 46 110
note 57408 57502 0 38 110
note 57408 57502 0 46 110
note 57504 57598 0 46 110
note 57600 57694 0 36 110
note 57600 57694 0 46 110
note 57696 57790 0 46 110
note 57792 57886 0 38 110
note 57792 57886 0 46 110
note 57888 57982 0 46 110
note 57984 58078 0 36 110
note 57984 58078 0 46 110
note 58080 58174 0 36 110
note 58080 58174 0 46 110
note 58176 58270 0 38 110
note 58176 58270 0 46 110
note 58272 58366 0 46 110
note 58368 58462 0 36 110
note 58368 58462 0 46 110
note 58464 58558 0 46 110
note 58560 58654 0 38 110
note 58560 58654 0 46 110
note 58656 58750 0 46 110
note 58752 58846 0 36 110
note 58752 58846 0 46 110
note 58848 58942 0 36 110
note 58848 58942 0 46 110
note 58944 59038 0 38 110
note 58944 59038 0 46 110
note 59040 59134 0 46 110
note 59136 59230 0 36 110
note 59136 59230 0 46 110
note 59232 59326 0 46 110
note 59328 59422 0 38 110
note 59328 59422 0 46 110
note 59424 59518 0 46 110
note 59520 59614 0 36 110
note 59520 59614 0 46 110
note 59616 59710 0 36 110
note 59616 59710 0 46 110
note 59712 59806 0 38 110
note 59712 59806 0 46 110
note 59808 59902 0 46 110
note 59904 59998 0 36 110
note 59904 59998 0 46 110
note 60000 60094 0 46 110
note 60096 60190 0 38 110
note 60096 60190 0 46 110
note 60192 60286 0 46 110
note 60288 60382 0 36 110
note 60288 60382 0 46 110
note 60384 60478 0 36 110
note 60384 60478 0 46 110
note 60480 60574 0 38 110
note 60480 60574 0 46 110
note 60576 60670 0 46 110
note 60672 60766 0 36 110
note 60672 60766 0 46 110
note 60768 60862 0 46 110
note 60864 60958 0 38 110
note 60864 60958 0 46 110
note 60960 61054 0 46 110
note 61056 61150 0 36 110
note 61056 61150 0 46 110
note 61152 61246 0 36 110
note 61152 61246 0 46 110
note 61248 61342 0 38 110
note 61248 61342 0 46 110
note 61344 61438 0 46 110
note 61440 61534 0 36 110
note 61440 61534 0 46 110
note 61536 61630 0 46 110
note 61632 61726 0 38 110
note 61632 61726 0 46 110
note 61728 61822 0 46 110
note 61824 61918 0 36 110
note 61824 61918 0 46 110
note 61920 62014 0 36 110
note 61920 62014 0 46 110
note 62016 62110 0 38 110
note 62016 62110 0 46 110
note 62112 62206 0 46 110
note 62208 62302 0 36 110
note 62208 62302 0 46 110
note 62304 62398 0 46 110
note 62400 62494 0 38 110
note 62400 62494 0 46 110
note 62496 62590 0 46 110
note 62592 62686 0 36 110
note 62592 62686 0 46 110
note 62688 62782 0 36 110
note 62688 62782 0 46 110
note 62784 62878 0 38 110
note 62784 62878 0 46 110
note 62880 62974 0 46 110
note 62976 63070 0 36 110
note 62976 63070 0 46 110
note 63072 63166 0 46 110
note 63168 63262 0 38 110
note 63168 63262 0 46 110
note 63264 63358 0 46 110
note 63360 63454 0 36 110
note 63360 63454 0 46 110
note 63456 63550 0 36 110
note 63456 63550 0 46 110
note 63552 63646 0 38 110
note 63552 63646 0 46 110
note 63744 64462 0 57 110
note 3384 3406 18 73 110
note 3408 3430 18 78 110
note 3432 3454 18 82 110
note 3456 3790 18 73 110
note 3456 3790 18 78 110
note 3456 3790 18 82 110
note 31488 31648 79 85 110
note 31680 31840 79 82 110
note 31872 31966 79 80 110
note 31968 32062 79 78 110
note 32160 32350 79 82 110
note 32352 32446 79 83 110
note 32448 32608 79 82 110
note 32640 32734 79 80 110
note 32736 32830 79 78 110
note 32832 32926 79 75 110
note 32928 33022 79 73 110
note 33024 33184 79 85 110
note 33216 33376 79 82 110
note 33408 33502 79 80 110
note 33504 33598 79 78 110
note 33696 33886 79 82 110
note 33888 33982 79 83 110
note 33984 34144 79 82 110
note 34176 34270 79 80 110
note 34272 34366 79 78 110
note 34368 34462 79 75 110
note 34464 34558 79 73 110
note 34560 34720 79 85 110
note 34752 34912 79 82 110
note 34944 35038 79 80 110
note 35040 35134 79 78 110
note 35232 35422 79 82 110
note 35424 35518 79 83 110
note 35520 35680 79 82 110
note 35712 35806 79 80 110
note 35808 35902 79 78 110
note 35904 35998 79 75 110
note 36000 36094 79 73 110
note 36096 36256 79 85 110
note 36288 36448 79 82 110
note 36480 36574 79 80 110
note 36576 36670 79 78 110
note 36768 36958 79 82 110
note 36960 37054 79 83 110
note 37056 37216 79 82 110
note 37248 37342 79 80 110
note 37344 37438 79 78 110
note 37440 37534 79 75 110
note 37536 37630 79 73 110
note 31488 31648 10 85 110
note 31680 31840 10 82 110
note 31872 31966 10 80 110
note 31968 32062 10 78 110
note 32160 32350 10 82 110
note 32352 32446 10 83 110
note 32448 32608 10 82 110
note 32640 32734 10 80 110
note 32736 32830 10 78 110
note 32832 32926 10 75 110
note 32928 33022 10 73 110
note 33024 33184 10 85 110
note 33216 33376 10 82 110
note 33408 33502 10 80 110
note 33504 33598 10 78 110
note 33696 33886 10 82 110
note 33888 33982 10 83 110
note 33984 34144 10 82 110
note 34176 34270 10 80 110
note 34272 34366 10 78 110
note 34368 34462 10 75 110
note 34464 34558 10 73 110
note 34560 34720 10 85 110
note 34752 34912 10 82 110
note 34944 35038 10 80 110
note 35040 35134 10 78 110
note 35232 35422 10 82 110
note 35424 35518 10 83 110
note 35520 35680 10 82 110
note 35712 35806 10 80 110
note 35808 35902 10 78 110
note 35904 35998 10 75 110
note 36000 36094 10 73 110
note 36096 36256 10 85 110
note 36288 36448 10 82 110
note 36480 36574 10 80 110
note 36576 36670 10 78 110
note 36768 36958 10 82 110
note 36960 37054 10 83 110
note 37056 37216 10 82 110
note 37248 37342 10 80 110
note 37344 37438 10 78 110
note 37440 37534 10 75 110
note 37536 37630 10 73 110
