tempo 500000
note 0 256 33 45 64
note 720 964 33 48 64
note 960 1216 33 50 64
note 1200 1326 33 52 64
note 1680 2382 33 45 64
note 2400 2858 33 43 64
note 2880 3148 33 45 64
note 3840 3992 33 45 64
note 4560 4712 33 48 64
note 4800 5042 33 50 64
note 5040 5232 33 52 64
note 5520 6248 33 45 64
note 6240 6698 33 48 64
note 6720 6898 33 45 64
note 7680 7844 33 45 64
note 7920 8072 33 45 64
note 8400 8604 33 43 64
note 8640 8792 33 45 64
note 8880 9008 33 45 64
note 9360 9578 33 43 64
note 9600 9752 33 45 64
note 9840 9990 33 45 64
note 10320 11048 33 48 64
note 11040 11220 33 50 64
note 11520 11660 33 45 64
note 11760 11900 33 45 64
note 12240 12472 33 43 64
note 12480 12656 33 45 64
note 12720 12872 33 45 64
note 13200 13416 33 43 64
note 13440 13604 33 45 64
note 13680 13896 33 45 64
note 13920 14176 33 48 64
note 14160 14928 33 45 64
note 53760 54016 33 45 64
note 54480 54724 33 48 64
note 54720 54976 33 50 64
note 54960 55086 33 52 64
note 55440 56142 33 45 64
note 56160 56618 33 43 64
note 56640 56908 33 45 64
note 57600 57752 33 45 64
note 58320 58472 33 48 64
note 58560 58802 33 50 64
note 58800 58992 33 52 64
note 59280 60008 33 45 64
note 60000 60458 33 48 64
note 60480 60658 33 45 64
note 61440 61604 33 45 64
note 61680 61832 33 45 64
note 62160 62364 33 43 64
note 62400 62552 33 45 64
note 62640 62768 33 45 64
note 63120 63338 33 43 64
note 63360 63512 33 45 64
note 63600 63750 33 45 64
note 64080 64808 33 48 64
note 64800 64980 33 50 64
note 65280 65420 33 45 64
note 65520 65660 33 45 64
note 66000 66232 33 43 64
note 66240 66416 33 45 64
note 66480 66632 33 45 64
note 66960 67176 33 43 64
note 67200 67364 33 45 64
note 67440 67656 33 45 64
note 67680 67936 33 48 64
note 67920 68688 33 45 64
note 76800 76964 33 45 64
note 77040 77192 33 45 64
note 77520 77724 33 43 64
note 77760 77912 33 45 64
note 78000 78128 33 45 64
note 78480 78698 33 43 64
note 78720 78872 33 45 64
note 78960 79110 33 45 64
note 79440 80168 33 48 64
note 80160 80340 33 50 64
note 80640 80780 33 45 64
note 80880 81020 33 45 64
note 81360 81592 33 43 64
note 81600 81776 33 45 64
note 81840 81992 33 45 64
note 82320 82536 33 43 64
note 82560 82724 33 45 64
note 82800 83016 33 45 64
note 83040 83296 33 48 64
note 83280 84048 33 45 64
note 99840 100096 33 45 64
note 100560 100804 33 48 64
note 100800 101056 33 50 64
note 101040 101166 33 52 64
note 101520 102222 33 45 64
note 102240 102698 33 43 64
note 102720 102988 33 45 64
note 103680 103832 33 45 64
note 104400 104552 33 48 64
note 104640 104882 33 50 64
note 104880 105072 33 52 64
note 105360 106088 33 45 64
note 106080 106538 33 48 64
note 106560 106738 33 45 64
note 107520 107684 33 45 64
note 107760 107912 33 45 64
note 108240 108444 33 43 64
note 108480 108632 33 45 64
note 108720 108848 33 45 64
note 109200 109418 33 43 64
note 109440 109592 33 45 64
note 109680 109830 33 45 64
note 110160 110888 33 48 64
note 110880 111060 33 50 64
note 111360 111500 33 45 64
note 111600 111740 33 45 64
note 112080 112312 33 43 64
note 112320 112496 33 45 64
note 112560 112712 33 45 64
note 113040 113256 33 43 64
note 113280 113444 33 45 64
note 113520 113736 33 45 64
note 113760 114016 33 48 64
note 114000 114768 33 45 64
note 30720 30808 0 42 64
note 30960 31074 0 46 64
note 31200 31250 0 42 64
note 31440 31578 0 46 64
note 31680 31754 0 42 64
note 31920 31972 0 42 64
note 32040 32104 0 42 64
note 32160 32222 0 42 64
note 32400 32438 0 42 64
note 32520 32570 0 42 64
note 32640 32714 0 42 64
note 32880 33070 0 46 64
note 33120 33182 0 42 64
note 33360 33552 0 46 64
note 33600 33674 0 42 64
note 33840 33902 0 42 64
note 33960 34022 0 42 64
note 34080 34168 0 42 64
note 34320 34368 0 42 64
note 34440 34488 0 42 64
note 34560 34622 0 42 64
note 34800 34976 0 46 64
note 35040 35104 0 42 64
note 35280 35432 0 46 64
note 35520 35584 0 42 64
note 35760 35796 0 42 64
note 35880 35930 0 42 64
note 36000 36060 0 42 64
note 36240 36290 0 42 64
note 36360 36408 0 42 64
note 36480 36530 0 42 64
note 36720 36870 0 46 64
note 36960 37022 0 42 64
note 37200 37338 0 46 64
note 37440 37490 0 42 64
note 37560 37624 0 42 64
note 37680 37730 0 42 64
note 37800 37876 0 46 64
note 37920 38020 0 42 64
note 92160 92248 0 42 64
note 92400 92514 0 46 64
note 92640 92690 0 42 64
note 92880 93018 0 46 64
note 93120 93194 0 42 64
note 93360 93412 0 42 64
note 93480 93544 0 42 64
note 93600 93662 0 42 64
note 93840 93878 0 42 64
note 93960 94010 0 42 64
note 94080 94154 0 42 64
note 94320 94510 0 46 64
note 94560 94622 0 42 64
note 94800 94992 0 46 64
note 95040 95114 0 42 64
note 95280 95342 0 42 64
note 95400 95462 0 42 64
note 95520 95608 0 42 64
note 95760 95808 0 42 64
note 95880 95928 0 42 64
note 96000 96062 0 42 64
note 96240 96416 0 46 64
note 96480 96544 0 42 64
note 96720 96872 0 46 64
note 96960 97024 0 42 64
note 97200 97236 0 42 64
note 97320 97370 0 42 64
note 97440 97500 0 42 64
note 97680 97730 0 42 64
note 97800 97848 0 42 64
note 97920 97970 0 42 64
note 98160 98310 0 46 64
note 98400 98462 0 42 64
note 98640 98778 0 46 64
note 98880 98930 0 42 64
note 99000 99064 0 42 64
note 99120 99170 0 42 64
note 99240 99316 0 46 64
note 99360 99460 0 42 64
note 15360 15480 0 36 64
note 15840 16080 0 38 64
note 16080 16388 0 36 64
note 16560 16712 0 36 64
note 16800 17002 0 38 64
note 17280 17434 0 36 64
note 17760 18002 0 38 64
note 18000 18370 0 36 64
note 18480 18698 0 36 64
note 18720 18924 0 38 64
note 18960 19048 0 36 64
note 19200 19366 0 36 64
note 19680 19922 0 38 64
note 19920 20212 0 36 64
note 20400 20528 0 36 64
note 20640 20832 0 38 64
note 21120 21284 0 36 64
note 21600 21840 0 38 64
note 21840 22184 0 36 64
note 22320 22436 0 36 64
note 22560 22700 0 38 64
note 23040 23142 0 36 64
note 23280 23358 0 36 64
note 23520 23710 0 38 64
note 23760 23874 0 36 64
note 24720 24784 0 36 64
note 24960 25074 0 36 64
note 25200 25288 0 36 64
note 25440 25644 0 38 64
note 25680 25948 0 36 64
note 26160 26224 0 36 64
note 26400 26564 0 38 64
note 26640 26728 0 36 64
note 26880 26982 0 36 64
note 27120 27198 0 36 64
note 27360 27550 0 38 64
note 27600 27714 0 36 64
note 28560 28624 0 36 64
note 28800 28914 0 36 64
note 29040 29128 0 36 64
note 29280 29484 0 38 64
note 29520 29788 0 36 64
note 30000 30064 0 36 64
note 30240 30404 0 38 64
note 30480 30568 0 36 64
note 38400 38488 0 42 64
note 38400 38520 0 36 64
note 38640 38754 0 46 64
note 38880 38930 0 42 64
note 38880 39120 0 38 64
note 39120 39258 0 46 64
note 39120 39428 0 36 64
note 39360 39434 0 42 64
note 39600 39652 0 42 64
note 39600 39752 0 36 64
note 39720 39784 0 42 64
note 39840 39902 0 42 64
note 39840 40042 0 38 64
note 40080 40118 0 42 64
note 40200 40250 0 42 64
note 40320 40394 0 42 64
note 40320 40474 0 36 64
note 40560 40750 0 46 64
note 40800 40862 0 42 64
note 40800 41042 0 38 64
note 41040 41232 0 46 64
note 41280 41354 0 42 64
note 41040 41410 0 36 64
note 41520 41582 0 42 64
note 41640 41702 0 42 64
note 41520 41738 0 36 64
note 41760 41848 0 42 64
note 41760 41964 0 38 64
note 42000 42048 0 42 64
note 42000 42088 0 36 64
note 42120 42168 0 42 64
note 42240 42302 0 42 64
note 42240 42406 0 36 64
note 42480 42656 0 46 64
note 42720 42784 0 42 64
note 42720 42962 0 38 64
note 42960 43112 0 46 64
note 42960 43252 0 36 64
note 43200 43264 0 42 64
note 43440 43476 0 42 64
note 43440 43568 0 36 64
note 43560 43610 0 42 64
note 43680 43740 0 42 64
note 43680 43872 0 38 64
note 43920 43970 0 42 64
note 44040 44088 0 42 64
note 44160 44210 0 42 64
note 44160 44324 0 36 64
note 44400 44550 0 46 64
note 44640 44702 0 42 64
note 44640 44880 0 38 64
note 44880 45018 0 46 64
note 45120 45170 0 42 64
note 44880 45224 0 36 64
note 45240 45304 0 42 64
note 45360 45410 0 42 64
note 45360 45476 0 36 64
note 45480 45556 0 46 64
note 45600 45700 0 42 64
note 45600 45740 0 38 64
note 46080 46168 0 42 64
note 46080 46182 0 36 64
note 46320 46398 0 36 64
note 46320 46434 0 46 64
note 46560 46610 0 42 64
note 46560 46750 0 38 64
note 46800 46914 0 36 64
note 46800 46938 0 46 64
note 47040 47114 0 42 64
note 47280 47332 0 42 64
note 47400 47464 0 42 64
note 47520 47582 0 42 64
note 47760 47798 0 42 64
note 47760 47824 0 36 64
note 47880 47930 0 42 64
note 48000 48074 0 42 64
note 48000 48114 0 36 64
note 48240 48328 0 36 64
note 48240 48430 0 46 64
note 48480 48542 0 42 64
note 48480 48684 0 38 64
note 48720 48912 0 46 64
note 48720 48988 0 36 64
note 48960 49034 0 42 64
note 49200 49262 0 42 64
note 49200 49264 0 36 64
note 49320 49382 0 42 64
note 49440 49528 0 42 64
note 49440 49604 0 38 64
note 49680 49728 0 42 64
note 49680 49768 0 36 64
note 49800 49848 0 42 64
note 49920 49982 0 42 64
note 49920 50022 0 36 64
note 50160 50238 0 36 64
note 50160 50336 0 46 64
note 50400 50464 0 42 64
note 50400 50590 0 38 64
note 50640 50754 0 36 64
note 50640 50792 0 46 64
note 50880 50944 0 42 64
note 51120 51156 0 42 64
note 51240 51290 0 42 64
note 51360 51420 0 42 64
note 51600 51650 0 42 64
note 51600 51664 0 36 64
note 51720 51768 0 42 64
note 51840 51890 0 42 64
note 51840 51954 0 36 64
note 52080 52168 0 36 64
note 52080 52230 0 46 64
note 52320 52382 0 42 64
note 52320 52524 0 38 64
note 52560 52698 0 46 64
note 52560 52828 0 36 64
note 52800 52850 0 42 64
note 52920 52984 0 42 64
note 53040 53090 0 42 64
note 53040 53104 0 36 64
note 53160 53236 0 46 64
note 53280 53380 0 42 64
note 53280 53444 0 38 64
note 53520 53608 0 36 64
note 53760 53880 0 36 64
note 54240 54480 0 38 64
note 54480 54788 0 36 64
note 54960 55112 0 36 64
note 55200 55402 0 38 64
note 55680 55834 0 36 64
note 56160 56402 0 38 64
note 56400 56770 0 36 64
note 56880 57098 0 36 64
note 57120 57324 0 38 64
note 57360 57448 0 36 64
note 57600 57766 0 36 64
note 58080 58322 0 38 64
note 58320 58612 0 36 64
note 58800 58928 0 36 64
note 59040 59232 0 38 64
note 59520 59684 0 36 64
note 60000 60240 0 38 64
note 60240 60584 0 36 64
note 60720 60836 0 36 64
note 60960 61100 0 38 64
note 61440 61542 0 36 64
note 61680 61758 0 36 64
note 61920 62110 0 38 64
note 62160 62274 0 36 64
note 63120 63184 0 36 64
note 63360 63474 0 36 64
note 63600 63688 0 36 64
note 63840 64044 0 38 64
note 64080 64348 0 36 64
note 64560 64624 0 36 64
note 64800 64964 0 38 64
note 65040 65128 0 36 64
note 65280 65382 0 36 64
note 65520 65598 0 36 64
note 65760 65950 0 38 64
note 66000 66114 0 36 64
note 66960 67024 0 36 64
note 67200 67314 0 36 64
note 67440 67528 0 36 64
note 67680 67884 0 38 64
note 67920 68188 0 36 64
note 68400 68464 0 36 64
note 68640 68804 0 38 64
note 68880 68968 0 36 64
note 99840 99928 0 42 64
note 99840 99960 0 36 64
note 100080 100194 0 46 64
note 100320 100370 0 42 64
note 100320 100560 0 38 64
note 100560 100698 0 46 64
note 100560 100868 0 36 64
note 100800 100874 0 42 64
note 101040 101092 0 42 64
note 101040 101192 0 36 64
note 101160 101224 0 42 64
note 101280 101342 0 42 64
note 101280 101482 0 38 64
note 101520 101558 0 42 64
note 101640 101690 0 42 64
note 101760 101834 0 42 64
note 101760 101914 0 36 64
note 102000 102190 0 46 64
note 102240 102302 0 42 64
note 102240 102482 0 38 64
note 102480 102672 0 46 64
note 102720 102794 0 42 64
note 102480 102850 0 36 64
note 102960 103022 0 42 64
note 103080 103142 0 42 64
note 102960 103178 0 36 64
note 103200 103288 0 42 64
note 103200 103404 0 38 64
note 103440 103488 0 42 64
note 103440 103528 0 36 64
note 103560 103608 0 42 64
note 103680 103742 0 42 64
note 103680 103846 0 36 64
note 103920 104096 0 46 64
note 104160 104224 0 42 64
note 104160 104402 0 38 64
note 104400 104552 0 46 64
note 104400 104692 0 36 64
note 104640 104704 0 42 64
note 104880 104916 0 42 64
note 104880 105008 0 36 64
note 105000 105050 0 42 64
note 105120 105180 0 42 64
note 105120 105312 0 38 64
note 105360 105410 0 42 64
note 105480 105528 0 42 64
note 105600 105650 0 42 64
note 105600 105764 0 36 64
note 105840 105990 0 46 64
note 106080 106142 0 42 64
note 106080 106320 0 38 64
note 106320 106458 0 46 64
note 106560 106610 0 42 64
note 106320 106664 0 36 64
note 106680 106744 0 42 64
note 106800 106850 0 42 64
note 106800 106916 0 36 64
note 106920 106996 0 46 64
note 107040 107140 0 42 64
note 107040 107180 0 38 64
note 107520 107608 0 42 64
note 107520 107622 0 36 64
note 107760 107838 0 36 64
note 107760 107874 0 46 64
note 108000 108050 0 42 64
note 108000 108190 0 38 64
note 108240 108354 0 36 64
note 108240 108378 0 46 64
note 108480 108554 0 42 64
note 108720 108772 0 42 64
note 108840 108904 0 42 64
note 108960 109022 0 42 64
note 109200 109238 0 42 64
note 109200 109264 0 36 64
note 109320 109370 0 42 64
note 109440 109514 0 42 64
note 109440 109554 0 36 64
note 109680 109768 0 36 64
note 109680 109870 0 46 64
note 109920 109982 0 42 64
note 109920 110124 0 38 64
note 110160 110352 0 46 64
note 110160 110428 0 36 64
note 110400 110474 0 42 64
note 110640 110702 0 42 64
note 110640 110704 0 36 64
note 110760 110822 0 42 64
note 110880 110968 0 42 64
note 110880 111044 0 38 64
note 111120 111168 0 42 64
note 111120 111208 0 36 64
note 111240 111288 0 42 64
note 111360 111422 0 42 64
note 111360 111462 0 36 64
note 111600 111678 0 36 64
note 111600 111776 0 46 64
note 111840 111904 0 42 64
note 111840 112030 0 38 64
note 112080 112194 0 36 64
note 112080 112232 0 46 64
note 112320 112384 0 42 64
note 112560 112596 0 42 64
note 112680 112730 0 42 64
note 112800 112860 0 42 64
note 113040 113090 0 42 64
note 113040 113104 0 36 64
note 113160 113208 0 42 64
note 113280 113330 0 42 64
note 113280 113394 0 36 64
note 113520 113608 0 36 64
note 113520 113670 0 46 64
note 113760 113822 0 42 64
note 113760 113964 0 38 64
note 114000 114138 0 46 64
note 114000 114268 0 36 64
note 114240 114290 0 42 64
note 114360 114424 0 42 64
note 114480 114530 0 42 64
note 114480 114544 0 36 64
note 114600 114676 0 46 64
note 114720 114820 0 42 64
note 114720 114884 0 38 64
note 114960 115048 0 36 64
note 115200 115438 0 42 64
note 115440 115678 0 42 64
note 115680 115918 0 42 64
note 115920 116158 0 42 64
note 116160 116398 0 42 64
note 116400 116638 0 42 64
note 116640 116878 0 42 64
note 116880 117118 0 42 64
note 117120 117358 0 42 64
note 117360 117598 0 42 64
note 117600 117838 0 42 64
note 117840 118078 0 42 64
note 118080 118318 0 42 64
note 118320 118558 0 42 64
note 118560 118798 0 42 64
note 118800 119038 0 42 64
note 119040 119278 0 42 64
note 119280 119518 0 42 64
note 119520 119758 0 42 64
note 119760 119998 0 42 64
note 120000 120238 0 42 64
note 120240 120478 0 42 64
note 120480 120718 0 42 64
note 120720 120958 0 42 64
note 120960 121198 0 42 64
note 121200 121438 0 42 64
note 121440 121678 0 42 64
note 121680 121918 0 42 64
note 121920 122158 0 42 64
note 122160 122398 0 42 64
note 122400 122638 0 42 64
note 122640 122878 0 42 64
